<?xml version="1.0"?>
<root>
<parameters> 0.172093 0.124094 0.00148863</parameters>
<dataPoints>365</dataPoints>
<states>
<state>
<time>0</time>
<index>0</index>
<mean>
 0.999 0.001 0 0.155 </mean>
<covariance>   1.0000e-07            0            0            0
            0   1.0000e-07            0            0
            0            0   1.0000e-07            0
            0            0            0   1.0000e-03
</covariance>
</state>
<state>
<time>0</time>
<index>1</index>
<measurement> 0.000266107</measurement>
<loglik>7.43168</loglik>
<mean>
 0.999 0.00153297 0 0.155 </mean>
<covariance>   1.0000e-07            0            0            0
            0   2.4390e-09            0            0
            0            0   1.0000e-07            0
            0            0            0   1.0000e-03
</covariance>
</state>
<state>
<time>0.1</time>
<index>2</index>
<mean>
 0.998493 0.00149644 1.06331e-05 0.124094 </mean>
<covariance>   1.0002e-07  -5.9159e-11  -2.6977e-13  -1.5314e-07
  -5.9159e-11   2.5033e-09   1.7567e-11   1.5314e-07
  -2.6977e-13   1.7567e-11   1.0000e-07            0
  -1.5314e-07   1.5314e-07            0   1.0100e-03
</covariance>
</state>
<state>
<time>0.2</time>
<index>3</index>
<mean>
 0.998474 0.0015043 2.1322e-05 0.124094 </mean>
<covariance>   1.0009e-07  -1.5751e-10  -1.2950e-12  -3.0595e-07
  -1.5751e-10   2.5982e-09   3.5797e-11   3.0486e-07
  -1.2950e-12   3.5797e-11   1.0000e-07   1.0939e-09
  -3.0595e-07   3.0486e-07   1.0939e-09   1.0200e-03
</covariance>
</state>
<state>
<time>0.3</time>
<index>4</index>
<mean>
 0.998456 0.00151219 3.2067e-05 0.124094 </mean>
<covariance>   1.0020e-07  -3.0439e-10  -3.5849e-12  -4.6293e-07
  -3.0439e-10   2.7406e-09   5.5133e-11   4.5966e-07
  -3.5849e-12   5.5133e-11   1.0000e-07   3.2714e-09
  -4.6293e-07   4.5966e-07   3.2714e-09   1.0300e-03
</covariance>
</state>
<state>
<time>0.4</time>
<index>5</index>
<mean>
 0.998437 0.00152013 4.28683e-05 0.124094 </mean>
<covariance>   1.0037e-07  -5.0223e-10  -7.6743e-12  -6.2413e-07
  -5.0223e-10   2.9325e-09   7.6090e-11   6.1757e-07
  -7.6743e-12   7.6090e-11   1.0000e-07   6.5547e-09
  -6.2413e-07   6.1757e-07   6.5547e-09   1.0400e-03
</covariance>
</state>
<state>
<time>0.5</time>
<index>6</index>
<mean>
 0.998418 0.0015281 5.37264e-05 0.124094 </mean>
<covariance>   1.0060e-07  -7.5356e-10  -1.4128e-11  -7.8962e-07
  -7.5356e-10   3.1757e-09   9.9210e-11   7.7865e-07
  -1.4128e-11   9.9210e-11   1.0000e-07   1.0966e-08
  -7.8962e-07   7.7865e-07   1.0966e-08   1.0500e-03
</covariance>
</state>
<state>
<time>0.6</time>
<index>7</index>
<mean>
 0.998399 0.00153612 6.46414e-05 0.124094 </mean>
<covariance>   1.0088e-07  -1.0609e-09  -2.3542e-11  -9.5944e-07
  -1.0609e-09   3.4724e-09   1.2505e-10   9.4292e-07
  -2.3542e-11   1.2505e-10   1.0000e-07   1.6528e-08
  -9.5944e-07   9.4292e-07   1.6528e-08   1.0600e-03
</covariance>
</state>
<state>
<time>0.7</time>
<index>8</index>
<mean>
 0.99838 0.00154418 7.56137e-05 0.124094 </mean>
<covariance>   1.0123e-07  -1.4270e-09  -3.6544e-11  -1.1337e-06
  -1.4270e-09   3.8245e-09   1.5421e-10   1.1104e-06
  -3.6544e-11   1.5421e-10   1.0001e-07   2.3263e-08
  -1.1337e-06   1.1104e-06   2.3263e-08   1.0700e-03
</covariance>
</state>
<state>
<time>0.8</time>
<index>9</index>
<mean>
 0.998361 0.00155228 8.66435e-05 0.124094 </mean>
<covariance>   1.0164e-07  -1.8546e-09  -5.3794e-11  -1.3124e-06
  -1.8546e-09   4.2343e-09   1.8729e-10   1.2812e-06
  -5.3794e-11   1.8729e-10   1.0001e-07   3.1194e-08
  -1.3124e-06   1.2812e-06   3.1194e-08   1.0800e-03
</covariance>
</state>
<state>
<time>0.9</time>
<index>10</index>
<mean>
 0.998342 0.00156042 9.77312e-05 0.124094 </mean>
<covariance>   1.0212e-07  -2.3464e-09  -7.5988e-11  -1.4956e-06
  -2.3464e-09   4.7039e-09   2.2493e-10   1.4552e-06
  -7.5988e-11   2.2493e-10   1.0001e-07   4.0346e-08
  -1.4956e-06   1.4552e-06   4.0346e-08   1.0900e-03
</covariance>
</state>
<state>
<time>1</time>
<index>11</index>
<mean>
 0.998323 0.00156861 0.000108877 0.124094 </mean>
<covariance>   1.0267e-07  -2.9054e-09  -1.0385e-10  -1.6834e-06
  -2.9054e-09   5.2355e-09   2.6778e-10   1.6327e-06
  -1.0385e-10   2.6778e-10   1.0002e-07   5.0740e-08
  -1.6834e-06   1.6327e-06   5.0740e-08   1.1000e-03
</covariance>
</state>
<state>
<time>1</time>
<index>12</index>
<measurement> 0.000268494</measurement>
<loglik>9.98305</loglik>
<mean>
 0.998325 0.00156473 0.000108678 0.122882 </mean>
<covariance>   1.0193e-07  -1.5696e-09  -3.5527e-11  -1.2668e-06
  -1.5696e-09   2.8283e-09   1.4466e-10   8.8198e-07
  -3.5527e-11   1.4466e-10   1.0001e-07   1.2345e-08
  -1.2668e-06   8.8198e-07   1.2345e-08   8.6591e-04
</covariance>
</state>
<state>
<time>1.1</time>
<index>13</index>
<mean>
 0.998305 0.00157274 0.000119855 0.122882 </mean>
<covariance>   1.0238e-07  -1.9697e-09  -5.1672e-11  -1.4129e-06
  -1.9697e-09   3.1554e-09   1.6862e-10   1.0217e-06
  -5.1672e-11   1.6862e-10   1.0001e-07   1.8645e-08
  -1.4129e-06   1.0217e-06   1.8645e-08   8.7591e-04
</covariance>
</state>
<state>
<time>1.2</time>
<index>14</index>
<mean>
 0.998286 0.0015808 0.000131089 0.122882 </mean>
<covariance>   1.0290e-07  -2.4233e-09  -7.2158e-11  -1.5629e-06
  -2.4233e-09   3.5318e-09   1.9621e-10   1.1645e-06
  -7.2158e-11   1.9621e-10   1.0001e-07   2.5943e-08
  -1.5629e-06   1.1645e-06   2.5943e-08   8.8591e-04
</covariance>
</state>
<state>
<time>1.3</time>
<index>15</index>
<mean>
 0.998267 0.0015889 0.00014238 0.122882 </mean>
<covariance>   1.0347e-07  -2.9329e-09  -9.7588e-11  -1.7170e-06
  -2.9329e-09   3.9595e-09   2.2798e-10   1.3102e-06
  -9.7588e-11   2.2798e-10   1.0002e-07   3.4261e-08
  -1.7170e-06   1.3102e-06   3.4261e-08   8.9591e-04
</covariance>
</state>
<state>
<time>1.4</time>
<index>16</index>
<mean>
 0.998247 0.00159705 0.00015373 0.122882 </mean>
<covariance>   1.0412e-07  -3.5009e-09  -1.2860e-10  -1.8751e-06
  -3.5009e-09   4.4403e-09   2.6449e-10   1.4590e-06
  -1.2860e-10   2.6449e-10   1.0002e-07   4.3620e-08
  -1.8751e-06   1.4590e-06   4.3620e-08   9.0591e-04
</covariance>
</state>
<state>
<time>1.5</time>
<index>17</index>
<mean>
 0.998228 0.00160523 0.000165137 0.122882 </mean>
<covariance>   1.0482e-07  -4.1301e-09  -1.6585e-10  -2.0374e-06
  -4.1301e-09   4.9764e-09   3.0634e-10   1.6109e-06
  -1.6585e-10   3.0634e-10   1.0002e-07   5.4041e-08
  -2.0374e-06   1.6109e-06   5.4041e-08   9.1591e-04
</covariance>
</state>
<state>
<time>1.6</time>
<index>18</index>
<mean>
 0.998208 0.00161345 0.000176603 0.122882 </mean>
<covariance>   1.0561e-07  -4.8230e-09  -2.1004e-10  -2.2039e-06
  -4.8230e-09   5.5698e-09   3.5413e-10   1.7658e-06
  -2.1004e-10   3.5413e-10   1.0003e-07   6.5547e-08
  -2.2039e-06   1.7658e-06   6.5547e-08   9.2591e-04
</covariance>
</state>
<state>
<time>1.7</time>
<index>19</index>
<mean>
 0.998188 0.00162172 0.000188128 0.122882 </mean>
<covariance>   1.0646e-07  -5.5825e-09  -2.6191e-10  -2.3746e-06
  -5.5825e-09   6.2225e-09   4.0852e-10   1.9240e-06
  -2.6191e-10   4.0852e-10   1.0003e-07   7.8160e-08
  -2.3746e-06   1.9240e-06   7.8160e-08   9.3591e-04
</covariance>
</state>
<state>
<time>1.8</time>
<index>20</index>
<mean>
 0.998168 0.00163003 0.000199712 0.122882 </mean>
<covariance>   1.0740e-07  -6.4114e-09  -3.2221e-10  -2.5497e-06
  -6.4114e-09   6.9368e-09   4.7016e-10   2.0853e-06
  -3.2221e-10   4.7016e-10   1.0004e-07   9.1903e-08
  -2.5497e-06   2.0853e-06   9.1903e-08   9.4591e-04
</covariance>
</state>
<state>
<time>1.9</time>
<index>21</index>
<mean>
 0.998148 0.00163838 0.000211355 0.122882 </mean>
<covariance>   1.0841e-07  -7.3125e-09  -3.9175e-10  -2.7291e-06
  -7.3125e-09   7.7149e-09   5.3974e-10   2.2498e-06
  -3.9175e-10   5.3974e-10   1.0005e-07   1.0680e-07
  -2.7291e-06   2.2498e-06   1.0680e-07   9.5591e-04
</covariance>
</state>
<state>
<time>2</time>
<index>22</index>
<mean>
 0.998128 0.00164677 0.000223057 0.122882 </mean>
<covariance>   1.0952e-07  -8.2889e-09  -4.7136e-10  -2.9130e-06
  -8.2889e-09   8.5590e-09   6.1797e-10   2.4176e-06
  -4.7136e-10   6.1797e-10   1.0006e-07   1.2287e-07
  -2.9130e-06   2.4176e-06   1.2287e-07   9.6591e-04
</covariance>
</state>
<state>
<time>2</time>
<index>23</index>
<measurement> 0.000273642</measurement>
<loglik>9.73245</loglik>
<mean>
 0.998159 0.00161514 0.000220773 0.113946 </mean>
<covariance>   1.0504e-07  -3.6637e-09  -1.3741e-10  -1.6065e-06
  -3.6637e-09   3.7831e-09   2.7314e-10   1.0686e-06
  -1.3741e-10   2.7314e-10   1.0003e-07   2.5466e-08
  -1.6065e-06   1.0686e-06   2.5466e-08   5.8486e-04
</covariance>
</state>
<state>
<time>2.1</time>
<index>24</index>
<mean>
 0.998141 0.00162197 0.00023231 0.113946 </mean>
<covariance>   1.0565e-07  -4.1695e-09  -1.7233e-10  -1.7129e-06
  -4.1695e-09   4.1762e-09   3.0677e-10   1.1674e-06
  -1.7233e-10   3.0677e-10   1.0004e-07   3.3098e-08
  -1.7129e-06   1.1674e-06   3.3098e-08   5.9486e-04
</covariance>
</state>
<state>
<time>2.2</time>
<index>25</index>
<mean>
 0.998122 0.00162883 0.000243895 0.113946 </mean>
<covariance>   1.0632e-07  -4.7177e-09  -2.1264e-10  -1.8225e-06
  -4.7177e-09   4.6066e-09   3.4473e-10   1.2686e-06
  -2.1264e-10   3.4473e-10   1.0004e-07   4.1437e-08
  -1.8225e-06   1.2686e-06   4.1437e-08   6.0486e-04
</covariance>
</state>
<state>
<time>2.3</time>
<index>26</index>
<mean>
 0.998104 0.00163572 0.00025553 0.113946 </mean>
<covariance>   1.0704e-07  -5.3099e-09  -2.5884e-10  -1.9352e-06
  -5.3099e-09   5.0757e-09   3.8743e-10   1.3722e-06
  -2.5884e-10   3.8743e-10   1.0004e-07   5.0498e-08
  -1.9352e-06   1.3722e-06   5.0498e-08   6.1486e-04
</covariance>
</state>
<state>
<time>2.4</time>
<index>27</index>
<mean>
 0.998085 0.00164264 0.000267214 0.113946 </mean>
<covariance>   1.0781e-07  -5.9481e-09  -3.1143e-10  -2.0511e-06
  -5.9481e-09   5.5849e-09   4.3532e-10   1.4784e-06
  -3.1143e-10   4.3532e-10   1.0005e-07   6.0300e-08
  -2.0511e-06   1.4784e-06   6.0300e-08   6.2486e-04
</covariance>
</state>
<state>
<time>2.5</time>
<index>28</index>
<mean>
 0.998066 0.00164959 0.000278947 0.113946 </mean>
<covariance>   1.0863e-07  -6.6341e-09  -3.7093e-10  -2.1704e-06
  -6.6341e-09   6.1356e-09   4.8883e-10   1.5871e-06
  -3.7093e-10   4.8883e-10   1.0006e-07   7.0859e-08
  -2.1704e-06   1.5871e-06   7.0859e-08   6.3486e-04
</covariance>
</state>
<state>
<time>2.6</time>
<index>29</index>
<mean>
 0.998047 0.00165657 0.00029073 0.113946 </mean>
<covariance>   1.0952e-07  -7.3700e-09  -4.3790e-10  -2.2929e-06
  -7.3700e-09   6.7293e-09   5.4844e-10   1.6982e-06
  -4.3790e-10   5.4844e-10   1.0006e-07   8.2196e-08
  -2.2929e-06   1.6982e-06   8.2196e-08   6.4486e-04
</covariance>
</state>
<state>
<time>2.7</time>
<index>30</index>
<mean>
 0.998029 0.00166357 0.000302562 0.113946 </mean>
<covariance>   1.1047e-07  -8.1577e-09  -5.1291e-10  -2.4188e-06
  -8.1577e-09   7.3676e-09   6.1461e-10   1.8120e-06
  -5.1291e-10   6.1461e-10   1.0007e-07   9.4326e-08
  -2.4188e-06   1.8120e-06   9.4326e-08   6.5486e-04
</covariance>
</state>
<state>
<time>2.8</time>
<index>31</index>
<mean>
 0.99801 0.00167061 0.000314445 0.113946 </mean>
<covariance>   1.1148e-07  -8.9992e-09  -5.9657e-10  -2.5481e-06
  -8.9992e-09   8.0521e-09   6.8786e-10   1.9283e-06
  -5.9657e-10   6.8786e-10   1.0008e-07   1.0727e-07
  -2.5481e-06   1.9283e-06   1.0727e-07   6.6486e-04
</covariance>
</state>
<state>
<time>2.9</time>
<index>32</index>
<mean>
 0.997991 0.00167767 0.000326378 0.113946 </mean>
<covariance>   1.1255e-07  -9.8968e-09  -6.8949e-10  -2.6808e-06
  -9.8968e-09   8.7842e-09   7.6869e-10   2.0473e-06
  -6.8949e-10   7.6869e-10   1.0009e-07   1.2104e-07
  -2.6808e-06   2.0473e-06   1.2104e-07   6.7486e-04
</covariance>
</state>
<state>
<time>3</time>
<index>33</index>
<mean>
 0.997972 0.00168477 0.000338361 0.113946 </mean>
<covariance>   1.1370e-07  -1.0852e-08  -7.9234e-10  -2.8170e-06
  -1.0852e-08   9.5656e-09   8.5765e-10   2.1689e-06
  -7.9234e-10   8.5765e-10   1.0010e-07   1.3567e-07
  -2.8170e-06   2.1689e-06   1.3567e-07   6.8486e-04
</covariance>
</state>
<state>
<time>3</time>
<index>34</index>
<measurement> 0.000263038</measurement>
<loglik>9.06269</loglik>
<mean>
 0.998073 0.00159503 0.000330315 0.0935995 </mean>
<covariance>   1.0663e-07  -4.6220e-09  -2.3371e-10  -1.4043e-06
  -4.6220e-09   4.0739e-09   3.6527e-10   9.2372e-07
  -2.3371e-10   3.6527e-10   1.0006e-07   2.4023e-08
  -1.4043e-06   9.2372e-07   2.4023e-08   4.0252e-04
</covariance>
</state>
<state>
<time>3.1</time>
<index>35</index>
<mean>
 0.998059 0.00159854 0.000341708 0.0935995 </mean>
<covariance>   1.0718e-07  -5.0512e-09  -2.7528e-10  -1.4770e-06
  -5.0512e-09   4.3967e-09   4.0011e-10   9.8981e-07
  -2.7528e-10   4.0011e-10   1.0006e-07   3.0621e-08
  -1.4770e-06   9.8981e-07   3.0621e-08   4.1252e-04
</covariance>
</state>
<state>
<time>3.2</time>
<index>36</index>
<mean>
 0.998044 0.00160206 0.000353127 0.0935995 </mean>
<covariance>   1.0775e-07  -5.5076e-09  -3.2140e-10  -1.5521e-06
  -5.5076e-09   4.7429e-09   4.3847e-10   1.0578e-06
  -3.2140e-10   4.3847e-10   1.0007e-07   3.7691e-08
  -1.5521e-06   1.0578e-06   3.7691e-08   4.2252e-04
</covariance>
</state>
<state>
<time>3.3</time>
<index>37</index>
<mean>
 0.998029 0.00160558 0.00036457 0.0935995 </mean>
<covariance>   1.0836e-07  -5.9925e-09  -3.7238e-10  -1.6295e-06
  -5.9925e-09   5.1134e-09   4.8062e-10   1.1276e-06
  -3.7238e-10   4.8062e-10   1.0008e-07   4.5247e-08
  -1.6295e-06   1.1276e-06   4.5247e-08   4.3252e-04
</covariance>
</state>
<state>
<time>3.4</time>
<index>38</index>
<mean>
 0.998014 0.00160911 0.000376038 0.0935995 </mean>
<covariance>   1.0901e-07  -6.5068e-09  -4.2855e-10  -1.7093e-06
  -6.5068e-09   5.5090e-09   5.2681e-10   1.1994e-06
  -4.2855e-10   5.2681e-10   1.0008e-07   5.3301e-08
  -1.7093e-06   1.1994e-06   5.3301e-08   4.4252e-04
</covariance>
</state>
<state>
<time>3.5</time>
<index>39</index>
<mean>
 0.997999 0.00161265 0.000387532 0.0935995 </mean>
<covariance>   1.0969e-07  -7.0517e-09  -4.9025e-10  -1.7915e-06
  -7.0517e-09   5.9306e-09   5.7733e-10   1.2731e-06
  -4.9025e-10   5.7733e-10   1.0009e-07   6.1869e-08
  -1.7915e-06   1.2731e-06   6.1869e-08   4.5252e-04
</covariance>
</state>
<state>
<time>3.6</time>
<index>40</index>
<mean>
 0.997984 0.00161619 0.000399051 0.0935995 </mean>
<covariance>   1.1041e-07  -7.6282e-09  -5.5782e-10  -1.8762e-06
  -7.6282e-09   6.3788e-09   6.3247e-10   1.3487e-06
  -5.5782e-10   6.3247e-10   1.0010e-07   7.0962e-08
  -1.8762e-06   1.3487e-06   7.0962e-08   4.6252e-04
</covariance>
</state>
<state>
<time>3.7</time>
<index>41</index>
<mean>
 0.997968 0.00161974 0.000410595 0.0935995 </mean>
<covariance>   1.1117e-07  -8.2376e-09  -6.3163e-10  -1.9634e-06
  -8.2376e-09   6.8547e-09   6.9251e-10   1.4262e-06
  -6.3163e-10   6.9251e-10   1.0011e-07   8.0595e-08
  -1.9634e-06   1.4262e-06   8.0595e-08   4.7252e-04
</covariance>
</state>
<state>
<time>3.8</time>
<index>42</index>
<mean>
 0.997953 0.0016233 0.000422165 0.0935995 </mean>
<covariance>   1.1198e-07  -8.8810e-09  -7.1206e-10  -2.0531e-06
  -8.8810e-09   7.3591e-09   7.5777e-10   1.5057e-06
  -7.1206e-10   7.5777e-10   1.0012e-07   9.0783e-08
  -2.0531e-06   1.5057e-06   9.0783e-08   4.8252e-04
</covariance>
</state>
<state>
<time>3.9</time>
<index>43</index>
<mean>
 0.997938 0.00162687 0.00043376 0.0935995 </mean>
<covariance>   1.1282e-07  -9.5595e-09  -7.9950e-10  -2.1453e-06
  -9.5595e-09   7.8928e-09   8.2855e-10   1.5872e-06
  -7.9950e-10   8.2855e-10   1.0013e-07   1.0154e-07
  -2.1453e-06   1.5872e-06   1.0154e-07   4.9252e-04
</covariance>
</state>
<state>
<time>4</time>
<index>44</index>
<mean>
 0.997923 0.00163045 0.00044538 0.0935995 </mean>
<covariance>   1.1371e-07  -1.0274e-08  -8.9436e-10  -2.2400e-06
  -1.0274e-08   8.4567e-09   9.0519e-10   1.6706e-06
  -8.9436e-10   9.0519e-10   1.0014e-07   1.1287e-07
  -2.2400e-06   1.6706e-06   1.1287e-07   5.0252e-04
</covariance>
</state>
<state>
<time>4</time>
<index>45</index>
<measurement> 0.000324886</measurement>
<loglik>7.6515</loglik>
<mean>
 0.997748 0.00177458 0.000460808 0.122072 </mean>
<covariance>   1.0672e-07  -4.5213e-09  -2.7855e-10  -1.1035e-06
  -4.5213e-09   3.7214e-09   3.9833e-10   7.3514e-07
  -2.7855e-10   3.9833e-10   1.0009e-07   1.2747e-08
  -1.1035e-06   7.3514e-07   1.2747e-08   3.1773e-04
</covariance>
</state>
<state>
<time>4.1</time>
<index>46</index>
<mean>
 0.997726 0.00178352 0.000473483 0.122072 </mean>
<covariance>   1.0723e-07  -4.9250e-09  -3.1920e-10  -1.1687e-06
  -4.9250e-09   4.0303e-09   4.3023e-10   7.9507e-07
  -3.1920e-10   4.3023e-10   1.0010e-07   1.7998e-08
  -1.1687e-06   7.9507e-07   1.7998e-08   3.2773e-04
</covariance>
</state>
<state>
<time>4.2</time>
<index>47</index>
<mean>
 0.997705 0.0017925 0.000486223 0.122072 </mean>
<covariance>   1.0778e-07  -5.3589e-09  -3.6417e-10  -1.2367e-06
  -5.3589e-09   4.3656e-09   4.6554e-10   8.5737e-07
  -3.6417e-10   4.6554e-10   1.0010e-07   2.3677e-08
  -1.2367e-06   8.5737e-07   2.3677e-08   3.3773e-04
</covariance>
</state>
<state>
<time>4.3</time>
<index>48</index>
<mean>
 0.997683 0.00180153 0.000499026 0.122072 </mean>
<covariance>   1.0836e-07  -5.8248e-09  -4.1382e-10  -1.3075e-06
  -5.8248e-09   4.7284e-09   5.0454e-10   9.2206e-07
  -4.1382e-10   5.0454e-10   1.0011e-07   2.9801e-08
  -1.3075e-06   9.2206e-07   2.9801e-08   3.4773e-04
</covariance>
</state>
<state>
<time>4.4</time>
<index>49</index>
<mean>
 0.997661 0.0018106 0.000511894 0.122072 </mean>
<covariance>   1.0898e-07  -6.3243e-09  -4.6851e-10  -1.3812e-06
  -6.3243e-09   5.1203e-09   5.4756e-10   9.8918e-07
  -4.6851e-10   5.4756e-10   1.0012e-07   3.6387e-08
  -1.3812e-06   9.8918e-07   3.6387e-08   3.5773e-04
</covariance>
</state>
<state>
<time>4.5</time>
<index>50</index>
<mean>
 0.997639 0.00181972 0.000524827 0.122072 </mean>
<covariance>   1.0965e-07  -6.8592e-09  -5.2864e-10  -1.4578e-06
  -6.8592e-09   5.5425e-09   5.9491e-10   1.0587e-06
  -5.2864e-10   5.9491e-10   1.0012e-07   4.3453e-08
  -1.4578e-06   1.0587e-06   4.3453e-08   3.6773e-04
</covariance>
</state>
<state>
<time>4.6</time>
<index>51</index>
<mean>
 0.997617 0.00182888 0.000537825 0.122072 </mean>
<covariance>   1.1036e-07  -7.4312e-09  -5.9461e-10  -1.5374e-06
  -7.4312e-09   5.9966e-09   6.4694e-10   1.1308e-06
  -5.9461e-10   6.4694e-10   1.0013e-07   5.1015e-08
  -1.5374e-06   1.1308e-06   5.1015e-08   3.7773e-04
</covariance>
</state>
<state>
<time>4.7</time>
<index>52</index>
<mean>
 0.997594 0.00183809 0.000550888 0.122072 </mean>
<covariance>   1.1111e-07  -8.0423e-09  -6.6686e-10  -1.6201e-06
  -8.0423e-09   6.4841e-09   7.0402e-10   1.2054e-06
  -6.6686e-10   7.0402e-10   1.0014e-07   5.9093e-08
  -1.6201e-06   1.2054e-06   5.9093e-08   3.8773e-04
</covariance>
</state>
<state>
<time>4.8</time>
<index>53</index>
<mean>
 0.997572 0.00184734 0.000564018 0.122072 </mean>
<covariance>   1.1192e-07  -8.6944e-09  -7.4584e-10  -1.7058e-06
  -8.6944e-09   7.0065e-09   7.6651e-10   1.2825e-06
  -7.4584e-10   7.6651e-10   1.0015e-07   6.7702e-08
  -1.7058e-06   1.2825e-06   6.7702e-08   3.9773e-04
</covariance>
</state>
<state>
<time>4.9</time>
<index>54</index>
<mean>
 0.997549 0.00185664 0.000577213 0.122072 </mean>
<covariance>   1.1277e-07  -9.3895e-09  -8.3203e-10  -1.7947e-06
  -9.3895e-09   7.5654e-09   8.3481e-10   1.3622e-06
  -8.3203e-10   8.3481e-10   1.0016e-07   7.6863e-08
  -1.7947e-06   1.3622e-06   7.6863e-08   4.0773e-04
</covariance>
</state>
<state>
<time>5</time>
<index>55</index>
<mean>
 0.997527 0.00186599 0.000590475 0.122072 </mean>
<covariance>   1.1368e-07  -1.0130e-08  -9.2594e-10  -1.8868e-06
  -1.0130e-08   8.1624e-09   9.0934e-10   1.4446e-06
  -9.2594e-10   9.0934e-10   1.0018e-07   8.6594e-08
  -1.8868e-06   1.4446e-06   8.6594e-08   4.1773e-04
</covariance>
</state>
<state>
<time>5</time>
<index>56</index>
<measurement> 0.000346857</measurement>
<loglik>9.12699</loglik>
<mean>
 0.997437 0.00193835 0.000598536 0.134877 </mean>
<covariance>   1.0760e-07  -5.2277e-09  -3.7983e-10  -1.0193e-06
  -5.2277e-09   4.2125e-09   4.6929e-10   7.4551e-07
  -3.7983e-10   4.6929e-10   1.0013e-07   8.7148e-09
  -1.0193e-06   7.4551e-07   8.7148e-09   2.9402e-04
</covariance>
</state>
<state>
<time>5.1</time>
<index>57</index>
<mean>
 0.997411 0.00195058 0.000612381 0.134877 </mean>
<covariance>   1.0814e-07  -5.6698e-09  -4.2660e-10  -1.0861e-06
  -5.6698e-09   4.5666e-09   5.0523e-10   8.0703e-07
  -4.2660e-10   5.0523e-10   1.0013e-07   1.4040e-08
  -1.0861e-06   8.0703e-07   1.4040e-08   3.0402e-04
</covariance>
</state>
<state>
<time>5.2</time>
<index>58</index>
<mean>
 0.997385 0.00196289 0.000626314 0.134877 </mean>
<covariance>   1.0873e-07  -6.1473e-09  -4.7817e-10  -1.1561e-06
  -6.1473e-09   4.9516e-09   5.4509e-10   8.7124e-07
  -4.7817e-10   5.4509e-10   1.0014e-07   1.9804e-08
  -1.1561e-06   8.7124e-07   1.9804e-08   3.1402e-04
</covariance>
</state>
<state>
<time>5.3</time>
<index>59</index>
<mean>
 0.997358 0.00197527 0.000640334 0.134877 </mean>
<covariance>   1.0936e-07  -6.6623e-09  -5.3497e-10  -1.2292e-06
  -6.6623e-09   5.3693e-09   5.8920e-10   9.3818e-07
  -5.3497e-10   5.8920e-10   1.0015e-07   2.6028e-08
  -1.2292e-06   9.3818e-07   2.6028e-08   3.2402e-04
</covariance>
</state>
<state>
<time>5.4</time>
<index>60</index>
<mean>
 0.997332 0.00198774 0.000654443 0.134877 </mean>
<covariance>   1.1004e-07  -7.2172e-09  -5.9743e-10  -1.3057e-06
  -7.2172e-09   5.8214e-09   6.3794e-10   1.0079e-06
  -5.9743e-10   6.3794e-10   1.0016e-07   3.2729e-08
  -1.3057e-06   1.0079e-06   3.2729e-08   3.3402e-04
</covariance>
</state>
<state>
<time>5.5</time>
<index>61</index>
<mean>
 0.997305 0.00200028 0.000668642 0.134877 </mean>
<covariance>   1.1076e-07  -7.8141e-09  -6.6602e-10  -1.3854e-06
  -7.8141e-09   6.3100e-09   6.9171e-10   1.0804e-06
  -6.6602e-10   6.9171e-10   1.0017e-07   3.9928e-08
  -1.3854e-06   1.0804e-06   3.9928e-08   3.4402e-04
</covariance>
</state>
<state>
<time>5.6</time>
<index>62</index>
<mean>
 0.997278 0.00201289 0.000682929 0.134877 </mean>
<covariance>   1.1154e-07  -8.4554e-09  -7.4123e-10  -1.4685e-06
  -8.4554e-09   6.8369e-09   7.5091e-10   1.1558e-06
  -7.4123e-10   7.5091e-10   1.0018e-07   4.7646e-08
  -1.4685e-06   1.1558e-06   4.7646e-08   3.5402e-04
</covariance>
</state>
<state>
<time>5.7</time>
<index>63</index>
<mean>
 0.997251 0.00202559 0.000697307 0.134877 </mean>
<covariance>   1.1237e-07  -9.1437e-09  -8.2359e-10  -1.5551e-06
  -9.1437e-09   7.4042e-09   8.1599e-10   1.2342e-06
  -8.2359e-10   8.1599e-10   1.0019e-07   5.5902e-08
  -1.5551e-06   1.2342e-06   5.5902e-08   3.6402e-04
</covariance>
</state>
<state>
<time>5.8</time>
<index>64</index>
<mean>
 0.997224 0.00203837 0.000711776 0.134877 </mean>
<covariance>   1.1326e-07  -9.8815e-09  -9.1364e-10  -1.6452e-06
  -9.8815e-09   8.0140e-09   8.8741e-10   1.3154e-06
  -9.1364e-10   8.8741e-10   1.0020e-07   6.4717e-08
  -1.6452e-06   1.3154e-06   6.4717e-08   3.7402e-04
</covariance>
</state>
<state>
<time>5.9</time>
<index>65</index>
<mean>
 0.997196 0.00205123 0.000726335 0.134877 </mean>
<covariance>   1.1422e-07  -1.0671e-08  -1.0120e-09  -1.7389e-06
  -1.0671e-08   8.6684e-09   9.6565e-10   1.3997e-06
  -1.0120e-09   9.6565e-10   1.0021e-07   7.4113e-08
  -1.7389e-06   1.3997e-06   7.4113e-08   3.8402e-04
</covariance>
</state>
<state>
<time>6</time>
<index>66</index>
<mean>
 0.997169 0.00206416 0.000740987 0.134877 </mean>
<covariance>   1.1523e-07  -1.1516e-08  -1.1192e-09  -1.8362e-06
  -1.1516e-08   9.3698e-09   1.0512e-09   1.4871e-06
  -1.1192e-09   1.0512e-09   1.0023e-07   8.4111e-08
  -1.8362e-06   1.4871e-06   8.4111e-08   3.9402e-04
</covariance>
</state>
<state>
<time>6</time>
<index>67</index>
<measurement> 0.000345295</measurement>
<loglik>9.6208</loglik>
<mean>
 0.997202 0.00203715 0.000737956 0.13059 </mean>
<covariance>   1.0861e-07  -6.1269e-09  -5.1453e-10  -9.8086e-07
  -6.1269e-09   4.9849e-09   5.5927e-10   7.9114e-07
  -5.1453e-10   5.5927e-10   1.0017e-07   6.0349e-09
  -9.8086e-07   7.9114e-07   6.0349e-09   2.8357e-04
</covariance>
</state>
<state>
<time>6.1</time>
<index>68</index>
<mean>
 0.997175 0.00204913 0.000752507 0.13059 </mean>
<covariance>   1.0918e-07  -6.5998e-09  -5.6840e-10  -1.0487e-06
  -6.5998e-09   5.3784e-09   6.0073e-10   8.5337e-07
  -5.6840e-10   6.0073e-10   1.0018e-07   1.1686e-08
  -1.0487e-06   8.5337e-07   1.1686e-08   2.9357e-04
</covariance>
</state>
<state>
<time>6.2</time>
<index>69</index>
<mean>
 0.997149 0.00206118 0.000767144 0.13059 </mean>
<covariance>   1.0979e-07  -7.1102e-09  -6.2748e-10  -1.1198e-06
  -7.1102e-09   5.8045e-09   6.4652e-10   9.1835e-07
  -6.2748e-10   6.4652e-10   1.0019e-07   1.7781e-08
  -1.1198e-06   9.1835e-07   1.7781e-08   3.0357e-04
</covariance>
</state>
<state>
<time>6.3</time>
<index>70</index>
<mean>
 0.997122 0.00207329 0.000781867 0.13059 </mean>
<covariance>   1.1045e-07  -7.6602e-09  -6.9221e-10  -1.1941e-06
  -7.6602e-09   6.2651e-09   6.9701e-10   9.8611e-07
  -6.9221e-10   6.9701e-10   1.0020e-07   2.4341e-08
  -1.1941e-06   9.8611e-07   2.4341e-08   3.1357e-04
</covariance>
</state>
<state>
<time>6.4</time>
<index>71</index>
<mean>
 0.997095 0.00208548 0.000796676 0.13059 </mean>
<covariance>   1.1116e-07  -8.2520e-09  -7.6305e-10  -1.2718e-06
  -8.2520e-09   6.7620e-09   7.5259e-10   1.0567e-06
  -7.6305e-10   7.5259e-10   1.0021e-07   3.1385e-08
  -1.2718e-06   1.0567e-06   3.1385e-08   3.2357e-04
</covariance>
</state>
<state>
<time>6.5</time>
<index>72</index>
<mean>
 0.997068 0.00209774 0.000811572 0.13059 </mean>
<covariance>   1.1191e-07  -8.8882e-09  -8.4050e-10  -1.3528e-06
  -8.8882e-09   7.2974e-09   8.1368e-10   1.1302e-06
  -8.4050e-10   8.1368e-10   1.0022e-07   3.8933e-08
  -1.3528e-06   1.1302e-06   3.8933e-08   3.3357e-04
</covariance>
</state>
<state>
<time>6.6</time>
<index>73</index>
<mean>
 0.99704 0.00211007 0.000826556 0.13059 </mean>
<covariance>   1.1273e-07  -9.5710e-09  -9.2507e-10  -1.4372e-06
  -9.5710e-09   7.8730e-09   8.8070e-10   1.2065e-06
  -9.2507e-10   8.8070e-10   1.0023e-07   4.7005e-08
  -1.4372e-06   1.2065e-06   4.7005e-08   3.4357e-04
</covariance>
</state>
<state>
<time>6.7</time>
<index>74</index>
<mean>
 0.997013 0.00212247 0.000841628 0.13059 </mean>
<covariance>   1.1360e-07  -1.0303e-08  -1.0173e-09  -1.5252e-06
  -1.0303e-08   8.4912e-09   9.5411e-10   1.2859e-06
  -1.0173e-09   9.5411e-10   1.0025e-07   5.5623e-08
  -1.5252e-06   1.2859e-06   5.5623e-08   3.5357e-04
</covariance>
</state>
<state>
<time>6.8</time>
<index>75</index>
<mean>
 0.996985 0.00213495 0.000856789 0.13059 </mean>
<covariance>   1.1453e-07  -1.1087e-08  -1.1178e-09  -1.6167e-06
  -1.1087e-08   9.1539e-09   1.0344e-09   1.3682e-06
  -1.1178e-09   1.0344e-09   1.0026e-07   6.4808e-08
  -1.6167e-06   1.3682e-06   6.4808e-08   3.6357e-04
</covariance>
</state>
<state>
<time>6.9</time>
<index>76</index>
<mean>
 0.996958 0.00214749 0.000872038 0.13059 </mean>
<covariance>   1.1553e-07  -1.1926e-08  -1.2271e-09  -1.7119e-06
  -1.1926e-08   9.8635e-09   1.1221e-09   1.4536e-06
  -1.2271e-09   1.1221e-09   1.0028e-07   7.4581e-08
  -1.7119e-06   1.4536e-06   7.4581e-08   3.7357e-04
</covariance>
</state>
<state>
<time>7</time>
<index>77</index>
<mean>
 0.99693 0.00216011 0.000887377 0.13059 </mean>
<covariance>   1.1659e-07  -1.2823e-08  -1.3460e-09  -1.8107e-06
  -1.2823e-08   1.0622e-08   1.2177e-09   1.5421e-06
  -1.3460e-09   1.2177e-09   1.0029e-07   8.4964e-08
  -1.8107e-06   1.5421e-06   8.4964e-08   3.8357e-04
</covariance>
</state>
<state>
<time>7</time>
<index>78</index>
<measurement> 0.00032525</measurement>
<loglik>8.01316</loglik>
<mean>
 0.997085 0.00203136 0.000872617 0.111899 </mean>
<covariance>   1.0921e-07  -6.7113e-09  -6.4544e-10  -9.2353e-07
  -6.7113e-09   5.5597e-09   6.3735e-10   8.0711e-07
  -6.4544e-10   6.3735e-10   1.0023e-07   7.1053e-10
  -9.2353e-07   8.0711e-07   7.1053e-10   2.7688e-04
</covariance>
</state>
<state>
<time>7.1</time>
<index>79</index>
<mean>
 0.997062 0.00203951 0.000887127 0.111899 </mean>
<covariance>   1.0975e-07  -7.1622e-09  -7.0222e-10  -9.8859e-07
  -7.1622e-09   5.9437e-09   6.8108e-10   8.6641e-07
  -7.0222e-10   6.8108e-10   1.0023e-07   6.4756e-09
  -9.8859e-07   8.6641e-07   6.4756e-09   2.8688e-04
</covariance>
</state>
<state>
<time>7.2</time>
<index>80</index>
<mean>
 0.99704 0.0020477 0.000901695 0.111899 </mean>
<covariance>   1.1032e-07  -7.6466e-09  -7.6401e-10  -1.0566e-06
  -7.6466e-09   6.3568e-09   7.2899e-10   9.2820e-07
  -7.6401e-10   7.2899e-10   1.0024e-07   1.2664e-08
  -1.0566e-06   9.2820e-07   1.2664e-08   2.9688e-04
</covariance>
</state>
<state>
<time>7.3</time>
<index>81</index>
<mean>
 0.997017 0.00205592 0.000916322 0.111899 </mean>
<covariance>   1.1093e-07  -8.1663e-09  -8.3119e-10  -1.1275e-06
  -8.1663e-09   6.8005e-09   7.8143e-10   9.9251e-07
  -8.3119e-10   7.8143e-10   1.0026e-07   1.9294e-08
  -1.1275e-06   9.9251e-07   1.9294e-08   3.0688e-04
</covariance>
</state>
<state>
<time>7.4</time>
<index>82</index>
<mean>
 0.996994 0.00206417 0.000931007 0.111899 </mean>
<covariance>   1.1159e-07  -8.7230e-09  -9.0417e-10  -1.2015e-06
  -8.7230e-09   7.2762e-09   8.3872e-10   1.0594e-06
  -9.0417e-10   8.3872e-10   1.0027e-07   2.6384e-08
  -1.2015e-06   1.0594e-06   2.6384e-08   3.1688e-04
</covariance>
</state>
<state>
<time>7.5</time>
<index>83</index>
<mean>
 0.996971 0.00207246 0.000945751 0.111899 </mean>
<covariance>   1.1230e-07  -9.3187e-09  -9.8338e-10  -1.2785e-06
  -9.3187e-09   7.7856e-09   9.0123e-10   1.1288e-06
  -9.8338e-10   9.0123e-10   1.0028e-07   3.3951e-08
  -1.2785e-06   1.1288e-06   3.3951e-08   3.2688e-04
</covariance>
</state>
<state>
<time>7.6</time>
<index>84</index>
<mean>
 0.996948 0.00208077 0.000960554 0.111899 </mean>
<covariance>   1.1305e-07  -9.9554e-09  -1.0693e-09  -1.3586e-06
  -9.9554e-09   8.3300e-09   9.6934e-10   1.2009e-06
  -1.0693e-09   9.6934e-10   1.0029e-07   4.2014e-08
  -1.3586e-06   1.2009e-06   4.2014e-08   3.3688e-04
</covariance>
</state>
<state>
<time>7.7</time>
<index>85</index>
<mean>
 0.996924 0.00208912 0.000975417 0.111899 </mean>
<covariance>   1.1385e-07  -1.0635e-08  -1.1623e-09  -1.4418e-06
  -1.0635e-08   8.9112e-09   1.0434e-09   1.2755e-06
  -1.1623e-09   1.0434e-09   1.0031e-07   5.0591e-08
  -1.4418e-06   1.2755e-06   5.0591e-08   3.4688e-04
</covariance>
</state>
<state>
<time>7.8</time>
<index>86</index>
<mean>
 0.996901 0.00209751 0.000990339 0.111899 </mean>
<covariance>   1.1470e-07  -1.1360e-08  -1.2630e-09  -1.5283e-06
  -1.1360e-08   9.5309e-09   1.1239e-09   1.3528e-06
  -1.2630e-09   1.1239e-09   1.0032e-07   5.9702e-08
  -1.5283e-06   1.3528e-06   5.9702e-08   3.5688e-04
</covariance>
</state>
<state>
<time>7.9</time>
<index>87</index>
<mean>
 0.996878 0.00210592 0.00100532 0.111899 </mean>
<covariance>   1.1561e-07  -1.2131e-08  -1.3720e-09  -1.6179e-06
  -1.2131e-08   1.0191e-08   1.2113e-09   1.4329e-06
  -1.3720e-09   1.2113e-09   1.0034e-07   6.9365e-08
  -1.6179e-06   1.4329e-06   6.9365e-08   3.6688e-04
</covariance>
</state>
<state>
<time>8</time>
<index>88</index>
<mean>
 0.996854 0.00211437 0.00102036 0.111899 </mean>
<covariance>   1.1658e-07  -1.2952e-08  -1.4896e-09  -1.7109e-06
  -1.2952e-08   1.0892e-08   1.3059e-09   1.5156e-06
  -1.4896e-09   1.3059e-09   1.0036e-07   7.9600e-08
  -1.7109e-06   1.5156e-06   7.9600e-08   3.7688e-04
</covariance>
</state>
<state>
<time>8</time>
<index>89</index>
<measurement> 0.000361825</measurement>
<loglik>9.65214</loglik>
<mean>
 0.996861 0.00210851 0.00101966 0.111083 </mean>
<covariance>   1.0898e-07  -6.5595e-09  -7.2317e-10  -8.2139e-07
  -6.5595e-09   5.5162e-09   6.6136e-10   7.6756e-07
  -7.2317e-10   6.6136e-10   1.0028e-07  -1.0084e-08
  -8.2139e-07   7.6756e-07  -1.0084e-08   2.7279e-04
</covariance>
</state>
<state>
<time>8.1</time>
<index>90</index>
<mean>
 0.996838 0.0021168 0.00103472 0.111083 </mean>
<covariance>   1.0948e-07  -6.9924e-09  -7.7680e-10  -8.8721e-07
  -6.9924e-09   5.8953e-09   7.0253e-10   8.2790e-07
  -7.7680e-10   7.0253e-10   1.0029e-07  -4.6017e-09
  -8.8721e-07   8.2790e-07  -4.6017e-09   2.8279e-04
</covariance>
</state>
<state>
<time>8.2</time>
<index>91</index>
<mean>
 0.996814 0.00212512 0.00104984 0.111083 </mean>
<covariance>   1.1002e-07  -7.4597e-09  -8.3525e-10  -9.5602e-07
  -7.4597e-09   6.3048e-09   7.4782e-10   8.9080e-07
  -8.3525e-10   7.4782e-10   1.0030e-07   1.3118e-09
  -9.5602e-07   8.9080e-07   1.3118e-09   2.9279e-04
</covariance>
</state>
<state>
<time>8.3</time>
<index>92</index>
<mean>
 0.996791 0.00213347 0.00106502 0.111083 </mean>
<covariance>   1.1061e-07  -7.9636e-09  -8.9892e-10  -1.0279e-06
  -7.9636e-09   6.7461e-09   7.9758e-10   9.5630e-07
  -8.9892e-10   7.9758e-10   1.0031e-07   7.6747e-09
  -1.0279e-06   9.5630e-07   7.6747e-09   3.0279e-04
</covariance>
</state>
<state>
<time>8.4</time>
<index>93</index>
<mean>
 0.996767 0.00214185 0.00108026 0.111083 </mean>
<covariance>   1.1123e-07  -8.5057e-09  -9.6823e-10  -1.1028e-06
  -8.5057e-09   7.2209e-09   8.5215e-10   1.0244e-06
  -9.6823e-10   8.5215e-10   1.0032e-07   1.4505e-08
  -1.1028e-06   1.0244e-06   1.4505e-08   3.1279e-04
</covariance>
</state>
<state>
<time>8.5</time>
<index>94</index>
<mean>
 0.996744 0.00215027 0.00109556 0.111083 </mean>
<covariance>   1.1191e-07  -9.0882e-09  -1.0436e-09  -1.1809e-06
  -9.0882e-09   7.7307e-09   9.1191e-10   1.0952e-06
  -1.0436e-09   9.1191e-10   1.0033e-07   2.1823e-08
  -1.1809e-06   1.0952e-06   2.1823e-08   3.2279e-04
</covariance>
</state>
<state>
<time>8.6</time>
<index>95</index>
<mean>
 0.99672 0.00215872 0.00111092 0.111083 </mean>
<covariance>   1.1263e-07  -9.7132e-09  -1.1256e-09  -1.2622e-06
  -9.7132e-09   8.2773e-09   9.7726e-10   1.1687e-06
  -1.1256e-09   9.7726e-10   1.0035e-07   2.9646e-08
  -1.2622e-06   1.1687e-06   2.9646e-08   3.3279e-04
</covariance>
</state>
<state>
<time>8.7</time>
<index>96</index>
<mean>
 0.996696 0.0021672 0.00112634 0.111083 </mean>
<covariance>   1.1341e-07  -1.0383e-08  -1.2146e-09  -1.3467e-06
  -1.0383e-08   8.8622e-09   1.0486e-09   1.2448e-06
  -1.2146e-09   1.0486e-09   1.0036e-07   3.7993e-08
  -1.3467e-06   1.2448e-06   3.7993e-08   3.4279e-04
</covariance>
</state>
<state>
<time>8.8</time>
<index>97</index>
<mean>
 0.996672 0.00217571 0.00114182 0.111083 </mean>
<covariance>   1.1423e-07  -1.1099e-08  -1.3111e-09  -1.4345e-06
  -1.1099e-08   9.4874e-09   1.1264e-09   1.3237e-06
  -1.3111e-09   1.1264e-09   1.0038e-07   4.6885e-08
  -1.4345e-06   1.3237e-06   4.6885e-08   3.5279e-04
</covariance>
</state>
<state>
<time>8.9</time>
<index>98</index>
<mean>
 0.996648 0.00218426 0.00115736 0.111083 </mean>
<covariance>   1.1512e-07  -1.1864e-08  -1.4158e-09  -1.5257e-06
  -1.1864e-08   1.0154e-08   1.2110e-09   1.4054e-06
  -1.4158e-09   1.2110e-09   1.0039e-07   5.6340e-08
  -1.5257e-06   1.4054e-06   5.6340e-08   3.6279e-04
</covariance>
</state>
<state>
<time>9</time>
<index>99</index>
<mean>
 0.996624 0.00219284 0.00117296 0.111083 </mean>
<covariance>   1.1607e-07  -1.2680e-08  -1.5292e-09  -1.6202e-06
  -1.2680e-08   1.0865e-08   1.3030e-09   1.4899e-06
  -1.5292e-09   1.3030e-09   1.0041e-07   6.6379e-08
  -1.6202e-06   1.4899e-06   6.6379e-08   3.7279e-04
</covariance>
</state>
<state>
<time>9</time>
<index>100</index>
<measurement> 0.000374914</measurement>
<loglik>9.63267</loglik>
<mean>
 0.996631 0.00218606 0.00117215 0.110153 </mean>
<covariance>   1.0904e-07  -6.6602e-09  -8.0729e-10  -7.9472e-07
  -6.6602e-09   5.7071e-09   6.8441e-10   7.8256e-07
  -8.0729e-10   6.8441e-10   1.0034e-07  -1.8443e-08
  -7.9472e-07   7.8256e-07  -1.8443e-08   2.7581e-04
</covariance>
</state>
<state>
<time>9.1</time>
<index>101</index>
<mean>
 0.996607 0.00219444 0.00118776 0.110153 </mean>
<covariance>   1.0955e-07  -7.1051e-09  -8.6000e-10  -8.6338e-07
  -7.1051e-09   6.1060e-09   7.2513e-10   8.4563e-07
  -8.6000e-10   7.2513e-10   1.0035e-07  -1.2853e-08
  -8.6338e-07   8.4563e-07  -1.2853e-08   2.8581e-04
</covariance>
</state>
<state>
<time>9.2</time>
<index>102</index>
<mean>
 0.996583 0.00220286 0.00120344 0.110153 </mean>
<covariance>   1.1009e-07  -7.5870e-09  -9.1768e-10  -9.3515e-07
  -7.5870e-09   6.5375e-09   7.7018e-10   9.1136e-07
  -9.1768e-10   7.7018e-10   1.0036e-07  -6.8128e-09
  -9.3515e-07   9.1136e-07  -6.8128e-09   2.9581e-04
</covariance>
</state>
<state>
<time>9.3</time>
<index>103</index>
<mean>
 0.996559 0.00221131 0.00121917 0.110153 </mean>
<covariance>   1.1069e-07  -8.1079e-09  -9.8075e-10  -1.0101e-06
  -8.1079e-09   7.0033e-09   8.1992e-10   9.7977e-07
  -9.8075e-10   8.1992e-10   1.0037e-07  -3.0313e-10
  -1.0101e-06   9.7977e-07  -3.0313e-10   3.0581e-04
</covariance>
</state>
<state>
<time>9.4</time>
<index>104</index>
<mean>
 0.996535 0.00221978 0.00123497 0.110153 </mean>
<covariance>   1.1132e-07  -8.6698e-09  -1.0497e-09  -1.0882e-06
  -8.6698e-09   7.5051e-09   8.7473e-10   1.0509e-06
  -1.0497e-09   8.7473e-10   1.0038e-07   6.6952e-09
  -1.0882e-06   1.0509e-06   6.6952e-09   3.1581e-04
</covariance>
</state>
<state>
<time>9.5</time>
<index>105</index>
<mean>
 0.996511 0.0022283 0.00125082 0.110153 </mean>
<covariance>   1.1201e-07  -9.2748e-09  -1.1249e-09  -1.1696e-06
  -9.2748e-09   8.0445e-09   9.3501e-10   1.1248e-06
  -1.1249e-09   9.3501e-10   1.0040e-07   1.4202e-08
  -1.1696e-06   1.1248e-06   1.4202e-08   3.2581e-04
</covariance>
</state>
<state>
<time>9.6</time>
<index>106</index>
<mean>
 0.996486 0.00223684 0.00126674 0.110153 </mean>
<covariance>   1.1275e-07  -9.9253e-09  -1.2069e-09  -1.2542e-06
  -9.9253e-09   8.6233e-09   1.0012e-09   1.2014e-06
  -1.2069e-09   1.0012e-09   1.0041e-07   2.2236e-08
  -1.2542e-06   1.2014e-06   2.2236e-08   3.3581e-04
</covariance>
</state>
<state>
<time>9.7</time>
<index>107</index>
<mean>
 0.996462 0.00224541 0.00128271 0.110153 </mean>
<covariance>   1.1355e-07  -1.0623e-08  -1.2963e-09  -1.3422e-06
  -1.0623e-08   9.2433e-09   1.0737e-09   1.2808e-06
  -1.2963e-09   1.0737e-09   1.0042e-07   3.0817e-08
  -1.3422e-06   1.2808e-06   3.0817e-08   3.4581e-04
</covariance>
</state>
<state>
<time>9.8</time>
<index>108</index>
<mean>
 0.996437 0.00225402 0.00129875 0.110153 </mean>
<covariance>   1.1440e-07  -1.1371e-08  -1.3936e-09  -1.4336e-06
  -1.1371e-08   9.9064e-09   1.1530e-09   1.3631e-06
  -1.3936e-09   1.1530e-09   1.0044e-07   3.9966e-08
  -1.4336e-06   1.3631e-06   3.9966e-08   3.5581e-04
</covariance>
</state>
<state>
<time>9.9</time>
<index>109</index>
<mean>
 0.996412 0.00226266 0.00131485 0.110153 </mean>
<covariance>   1.1531e-07  -1.2171e-08  -1.4994e-09  -1.5285e-06
  -1.2171e-08   1.0615e-08   1.2396e-09   1.4482e-06
  -1.4994e-09   1.2396e-09   1.0046e-07   4.9702e-08
  -1.5285e-06   1.4482e-06   4.9702e-08   3.6581e-04
</covariance>
</state>
<state>
<time>10</time>
<index>110</index>
<mean>
 0.996387 0.00227133 0.00133102 0.110153 </mean>
<covariance>   1.1629e-07  -1.3026e-08  -1.6143e-09  -1.6268e-06
  -1.3026e-08   1.1370e-08   1.3339e-09   1.5361e-06
  -1.6143e-09   1.3339e-09   1.0047e-07   6.0046e-08
  -1.6268e-06   1.5361e-06   6.0046e-08   3.7581e-04
</covariance>
</state>
<state>
<time>10</time>
<index>111</index>
<measurement> 0.000406298</measurement>
<loglik>9.4425</loglik>
<mean>
 0.996339 0.00231331 0.00133594 0.115824 </mean>
<covariance>   1.0930e-07  -6.9233e-09  -8.9825e-10  -8.0220e-07
  -6.9233e-09   6.0427e-09   7.0896e-10   8.1643e-07
  -8.9825e-10   7.0896e-10   1.0040e-07  -2.4395e-08
  -8.0220e-07   8.1643e-07  -2.4395e-08   2.7856e-04
</covariance>
</state>
<state>
<time>10.1</time>
<index>112</index>
<mean>
 0.996313 0.00232348 0.00135246 0.115824 </mean>
<covariance>   1.0984e-07  -7.4115e-09  -9.5208e-10  -8.7580e-07
  -7.4115e-09   6.4884e-09   7.5112e-10   8.8421e-07
  -9.5208e-10   7.5112e-10   1.0041e-07  -1.8563e-08
  -8.7580e-07   8.8421e-07  -1.8563e-08   2.8856e-04
</covariance>
</state>
<state>
<time>10.2</time>
<index>113</index>
<mean>
