<?xml version="1.0"?>
<root>
<parameters> 0.283566 0.00414642 0.0984262 0.000863713 0.0119869 0.198537 64.8208</parameters>
<dataPoints>365</dataPoints>
<states>
<state>
<time>0</time>
<index>0</index>
<mean>
 0.999 0.001 0 0.155 </mean>
<covariance>   1.0000e-07            0            0            0
            0   1.0000e-07            0            0
            0            0   1.0000e-07            0
            0            0            0   1.0000e-03
</covariance>
</state>
<state>
<time>0</time>
<index>1</index>
<measurement> 0.000266107</measurement>
<loglik>8.36958</loglik>
<mean>
 0.999 0.000939934 0 0.155 </mean>
<covariance>   1.0000e-07            0            0            0
            0   2.4390e-09            0            0
            0            0   1.0000e-07            0
            0            0            0   1.0000e-03
</covariance>
</state>
<state>
<time>0.1</time>
<index>2</index>
<mean>
 0.999128 0.000866038 6.16938e-06 0.0985401 </mean>
<covariance>   1.0001e-07  -4.5442e-11  -2.6976e-13  -9.3899e-08
  -4.5442e-11   2.4887e-09   1.7567e-11   9.3899e-08
  -2.6976e-13   1.7567e-11   1.0000e-07            0
  -9.3899e-08   9.3899e-08            0   1.0017e-03
</covariance>
</state>
<state>
<time>0.2</time>
<index>3</index>
<mean>
 0.999119 0.000868378 1.23554e-05 0.0986538 </mean>
<covariance>   1.0003e-07  -9.3132e-11  -1.0004e-12  -1.8150e-07
  -9.3132e-11   2.5260e-09   3.5497e-11   1.8083e-07
  -1.0004e-12   3.5497e-11   1.0000e-07   6.7071e-10
  -1.8150e-07   1.8083e-07   6.7071e-10   1.0034e-03
</covariance>
</state>
<state>
<time>0.3</time>
<index>4</index>
<mean>
 0.999111 0.000870735 1.85581e-05 0.0987673 </mean>
<covariance>   1.0007e-07  -1.5668e-10  -2.3635e-12  -2.7034e-07
  -1.5668e-10   2.5787e-09   5.3855e-11   2.6838e-07
  -2.3635e-12   5.3855e-11   1.0000e-07   1.9623e-09
  -2.7034e-07   2.6838e-07   1.9623e-09   1.0052e-03
</covariance>
</state>
<state>
<time>0.4</time>
<index>5</index>
<mean>
 0.999102 0.000873108 2.47776e-05 0.0988805 </mean>
<covariance>   1.0013e-07  -2.3653e-10  -4.5333e-12  -3.6043e-07
  -2.3653e-10   2.6472e-09   7.2809e-11   3.5655e-07
  -4.5333e-12   7.2809e-11   1.0000e-07   3.8793e-09
  -3.6043e-07   3.5655e-07   3.8793e-09   1.0069e-03
</covariance>
</state>
<state>
<time>0.5</time>
<index>6</index>
<mean>
 0.999093 0.000875497 3.10141e-05 0.0989934 </mean>
<covariance>   1.0020e-07  -3.3313e-10  -7.6894e-12  -4.5178e-07
  -3.3313e-10   2.7318e-09   9.2529e-11   4.4536e-07
  -7.6894e-12   9.2529e-11   1.0000e-07   6.4261e-09
  -4.5178e-07   4.4536e-07   6.4261e-09   1.0086e-03
</covariance>
</state>
<state>
<time>0.6</time>
<index>7</index>
<mean>
 0.999085 0.000877902 3.72676e-05 0.0991061 </mean>
<covariance>   1.0029e-07  -4.4695e-10  -1.2017e-11  -5.4441e-07
  -4.4695e-10   2.8326e-09   1.1319e-10   5.3480e-07
  -1.2017e-11   1.1319e-10   1.0000e-07   9.6073e-09
  -5.4441e-07   5.3480e-07   9.6073e-09   1.0103e-03
</covariance>
</state>
<state>
<time>0.7</time>
<index>8</index>
<mean>
 0.999076 0.000880324 4.35384e-05 0.0992184 </mean>
<covariance>   1.0040e-07  -5.7845e-10  -1.7708e-11  -6.3831e-07
  -5.7845e-10   2.9501e-09   1.3497e-10   6.2488e-07
  -1.7708e-11   1.3497e-10   1.0001e-07   1.3427e-08
  -6.3831e-07   6.2488e-07   1.3427e-08   1.0120e-03
</covariance>
</state>
<state>
<time>0.8</time>
<index>9</index>
<mean>
 0.999067 0.000882762 4.98264e-05 0.0993305 </mean>
<covariance>   1.0054e-07  -7.2812e-10  -2.4960e-11  -7.3351e-07
  -7.2812e-10   3.0845e-09   1.5805e-10   7.1562e-07
  -2.4960e-11   1.5805e-10   1.0001e-07   1.7891e-08
  -7.3351e-07   7.1562e-07   1.7891e-08   1.0138e-03
</covariance>
</state>
<state>
<time>0.9</time>
<index>10</index>
<mean>
 0.999059 0.000885217 5.61318e-05 0.0994423 </mean>
<covariance>   1.0069e-07  -8.9644e-10  -3.3977e-11  -8.3001e-07
  -8.9644e-10   3.2361e-09   1.8261e-10   8.0701e-07
  -3.3977e-11   1.8261e-10   1.0001e-07   2.3002e-08
  -8.3001e-07   8.0701e-07   2.3002e-08   1.0155e-03
</covariance>
</state>
<state>
<time>1</time>
<index>11</index>
<mean>
 0.99905 0.000887689 6.24548e-05 0.0995538 </mean>
<covariance>   1.0086e-07  -1.0839e-09  -4.4967e-11  -9.2783e-07
  -1.0839e-09   3.4053e-09   2.0884e-10   8.9906e-07
  -4.4967e-11   2.0884e-10   1.0001e-07   2.8767e-08
  -9.2783e-07   8.9906e-07   2.8767e-08   1.0172e-03
</covariance>
</state>
<state>
<time>1</time>
<index>12</index>
<measurement> 0.000268494</measurement>
<loglik>9.53656</loglik>
<mean>
 0.999038 0.000925167 6.47533e-05 0.109449 </mean>
<covariance>   1.0064e-07  -3.9724e-10  -2.8550e-12  -7.4653e-07
  -3.9724e-10   1.2480e-09   7.6538e-11   3.2950e-07
  -2.8550e-12   7.6538e-11   1.0001e-07  -6.1638e-09
  -7.4653e-07   3.2950e-07  -6.1638e-09   8.6682e-04
</covariance>
</state>
<state>
<time>1.1</time>
<index>13</index>
<mean>
 0.999028 0.000928675 7.13616e-05 0.10956 </mean>
<covariance>   1.0079e-07  -5.1873e-10  -6.2746e-12  -8.3025e-07
  -5.1873e-10   1.3260e-09   8.5424e-11   4.1086e-07
  -6.2746e-12   8.5424e-11   1.0001e-07  -3.8103e-09
  -8.3025e-07   4.1086e-07  -3.8103e-09   8.6854e-04
</covariance>
</state>
<state>
<time>1.2</time>
<index>14</index>
<mean>
 0.999018 0.000932206 7.7995e-05 0.109671 </mean>
<covariance>   1.0097e-07  -6.5742e-10  -1.0937e-11  -9.1532e-07
  -6.5742e-10   1.4201e-09   9.5175e-11   4.9299e-07
  -1.0937e-11   9.5175e-11   1.0001e-07  -8.7557e-10
  -9.1532e-07   4.9299e-07  -8.7557e-10   8.7026e-04
</covariance>
</state>
<state>
<time>1.3</time>
<index>15</index>
<mean>
 0.999007 0.000935761 8.46536e-05 0.109781 </mean>
<covariance>   1.0116e-07  -8.1389e-10  -1.7033e-11  -1.0018e-06
  -8.1389e-10   1.5307e-09   1.0597e-10   5.7591e-07
  -1.7033e-11   1.0597e-10   1.0001e-07   2.6458e-09
  -1.0018e-06   5.7591e-07   2.6458e-09   8.7197e-04
</covariance>
</state>
<state>
<time>1.4</time>
<index>16</index>
<mean>
 0.998997 0.000939339 9.13376e-05 0.109891 </mean>
<covariance>   1.0137e-07  -9.8870e-10  -2.4760e-11  -1.0896e-06
  -9.8870e-10   1.6581e-09   1.1798e-10   6.5961e-07
  -2.4760e-11   1.1798e-10   1.0001e-07   6.7594e-09
  -1.0896e-06   6.5961e-07   6.7594e-09   8.7369e-04
</covariance>
</state>
<state>
<time>1.5</time>
<index>17</index>
<mean>
 0.998987 0.000942942 9.80472e-05 0.110001 </mean>
<covariance>   1.0160e-07  -1.1825e-09  -3.4324e-11  -1.1788e-06
  -1.1825e-09   1.8028e-09   1.3140e-10   7.4412e-07
  -3.4324e-11   1.3140e-10   1.0001e-07   1.1471e-08
  -1.1788e-06   7.4412e-07   1.1471e-08   8.7541e-04
</covariance>
</state>
<state>
<time>1.6</time>
<index>18</index>
<mean>
 0.998976 0.000946569 0.000104782 0.11011 </mean>
<covariance>   1.0186e-07  -1.3958e-09  -4.5936e-11  -1.2694e-06
  -1.3958e-09   1.9651e-09   1.4641e-10   8.2943e-07
  -4.5936e-11   1.4641e-10   1.0001e-07   1.6786e-08
  -1.2694e-06   8.2943e-07   1.6786e-08   8.7713e-04
</covariance>
</state>
<state>
<time>1.7</time>
<index>19</index>
<mean>
 0.998966 0.00095022 0.000111544 0.110219 </mean>
<covariance>   1.0214e-07  -1.6293e-09  -5.9818e-11  -1.3615e-06
  -1.6293e-09   2.1456e-09   1.6321e-10   9.1556e-07
  -5.9818e-11   1.6321e-10   1.0002e-07   2.2711e-08
  -1.3615e-06   9.1556e-07   2.2711e-08   8.7885e-04
</covariance>
</state>
<state>
<time>1.8</time>
<index>20</index>
<mean>
 0.998956 0.000953895 0.000118331 0.110328 </mean>
<covariance>   1.0244e-07  -1.8835e-09  -7.6197e-11  -1.4550e-06
  -1.8835e-09   2.3446e-09   1.8200e-10   1.0025e-06
  -7.6197e-11   1.8200e-10   1.0002e-07   2.9250e-08
  -1.4550e-06   1.0025e-06   2.9250e-08   8.8057e-04
</covariance>
</state>
<state>
<time>1.9</time>
<index>21</index>
<mean>
 0.998945 0.000957594 0.000125145 0.110436 </mean>
<covariance>   1.0277e-07  -2.1593e-09  -9.5310e-11  -1.5499e-06
  -2.1593e-09   2.5626e-09   2.0299e-10   1.0903e-06
  -9.5310e-11   2.0299e-10   1.0002e-07   3.6411e-08
  -1.5499e-06   1.0903e-06   3.6411e-08   8.8229e-04
</covariance>
</state>
<state>
<time>2</time>
<index>22</index>
<mean>
 0.998935 0.000961318 0.000131984 0.110544 </mean>
<covariance>   1.0312e-07  -2.4571e-09  -1.1740e-10  -1.6463e-06
  -2.4571e-09   2.8000e-09   2.2638e-10   1.1789e-06
  -1.1740e-10   2.2638e-10   1.0003e-07   4.4199e-08
  -1.6463e-06   1.1789e-06   4.4199e-08   8.8401e-04
</covariance>
</state>
<state>
<time>2</time>
<index>23</index>
<measurement> 0.000273642</measurement>
<loglik>9.88605</loglik>
<mean>
 0.998933 0.000963337 0.000132148 0.111394 </mean>
<covariance>   1.0194e-07  -1.1108e-09  -8.5533e-12  -1.0795e-06
  -1.1108e-09   1.2658e-09   1.0235e-10   5.3298e-07
  -8.5533e-12   1.0235e-10   1.0002e-07  -8.0258e-09
  -1.0795e-06   5.3298e-07  -8.0258e-09   6.1204e-04
</covariance>
</state>
<state>
<time>2.1</time>
<index>24</index>
<mean>
 0.998922 0.000967176 0.000139029 0.111501 </mean>
<covariance>   1.0217e-07  -1.2899e-09  -1.7321e-11  -1.1443e-06
  -1.2899e-09   1.3846e-09   1.1142e-10   5.9399e-07
  -1.7321e-11   1.1142e-10   1.0002e-07  -4.2188e-09
  -1.1443e-06   5.9399e-07  -4.2188e-09   6.1376e-04
</covariance>
</state>
<state>
<time>2.2</time>
<index>25</index>
<mean>
 0.998911 0.00097104 0.000145937 0.111608 </mean>
<covariance>   1.0243e-07  -1.4840e-09  -2.7888e-11  -1.2102e-06
  -1.4840e-09   1.5166e-09   1.2180e-10   6.5565e-07
  -2.7888e-11   1.2180e-10   1.0002e-07   2.3941e-11
  -1.2102e-06   6.5565e-07   2.3941e-11   6.1548e-04
</covariance>
</state>
<state>
<time>2.3</time>
<index>26</index>
<mean>
 0.9989 0.00097493 0.000152873 0.111715 </mean>
<covariance>   1.0270e-07  -1.6935e-09  -4.0423e-11  -1.2772e-06
  -1.6935e-09   1.6622e-09   1.3362e-10   7.1796e-07
  -4.0423e-11   1.3362e-10   1.0002e-07   4.7071e-09
  -1.2772e-06   7.1796e-07   4.7071e-09   6.1720e-04
</covariance>
</state>
<state>
<time>2.4</time>
<index>27</index>
<mean>
 0.99889 0.000978846 0.000159837 0.111821 </mean>
<covariance>   1.0299e-07  -1.9190e-09  -5.5100e-11  -1.3453e-06
  -1.9190e-09   1.8218e-09   1.4704e-10   7.8094e-07
  -5.5100e-11   1.4704e-10   1.0002e-07   9.8354e-09
  -1.3453e-06   7.8094e-07   9.8354e-09   6.1892e-04
</covariance>
</state>
<state>
<time>2.5</time>
<index>28</index>
<mean>
 0.998879 0.000982787 0.000166829 0.111926 </mean>
<covariance>   1.0331e-07  -2.1610e-09  -7.2101e-11  -1.4145e-06
  -2.1610e-09   1.9957e-09   1.6220e-10   8.4458e-07
  -7.2101e-11   1.6220e-10   1.0002e-07   1.5414e-08
  -1.4145e-06   8.4458e-07   1.5414e-08   6.2064e-04
</covariance>
</state>
<state>
<time>2.6</time>
<index>29</index>
<mean>
 0.998868 0.000986755 0.000173849 0.112032 </mean>
<covariance>   1.0364e-07  -2.4200e-09  -9.1614e-11  -1.4849e-06
  -2.4200e-09   2.1843e-09   1.7927e-10   9.0890e-07
  -9.1614e-11   1.7927e-10   1.0003e-07   2.1446e-08
  -1.4849e-06   9.0890e-07   2.1446e-08   6.2236e-04
</covariance>
</state>
<state>
<time>2.7</time>
<index>30</index>
<mean>
 0.998857 0.000990749 0.000180897 0.112136 </mean>
<covariance>   1.0399e-07  -2.6965e-09  -1.1383e-10  -1.5564e-06
  -2.6965e-09   2.3879e-09   1.9842e-10   9.7391e-07
  -1.1383e-10   1.9842e-10   1.0003e-07   2.7938e-08
  -1.5564e-06   9.7391e-07   2.7938e-08   6.2408e-04
</covariance>
</state>
<state>
<time>2.8</time>
<index>31</index>
<mean>
 0.998846 0.000994769 0.000187974 0.11224 </mean>
<covariance>   1.0437e-07  -2.9911e-09  -1.3896e-10  -1.6290e-06
  -2.9911e-09   2.6069e-09   2.1980e-10   1.0396e-06
  -1.3896e-10   2.1980e-10   1.0003e-07   3.4895e-08
  -1.6290e-06   1.0396e-06   3.4895e-08   6.2580e-04
</covariance>
</state>
<state>
<time>2.9</time>
<index>32</index>
<mean>
 0.998834 0.000998816 0.000195079 0.112344 </mean>
<covariance>   1.0476e-07  -3.3043e-09  -1.6720e-10  -1.7028e-06
  -3.3043e-09   2.8417e-09   2.4359e-10   1.1060e-06
  -1.6720e-10   2.4359e-10   1.0004e-07   4.2321e-08
  -1.7028e-06   1.1060e-06   4.2321e-08   6.2752e-04
</covariance>
</state>
<state>
<time>3</time>
<index>33</index>
<mean>
 0.998823 0.00100289 0.000202213 0.112447 </mean>
<covariance>   1.0518e-07  -3.6367e-09  -1.9877e-10  -1.7778e-06
  -3.6367e-09   3.0927e-09   2.6997e-10   1.1731e-06
  -1.9877e-10   2.6997e-10   1.0004e-07   5.0221e-08
  -1.7778e-06   1.1731e-06   5.0221e-08   6.2923e-04
</covariance>
</state>
<state>
<time>3</time>
<index>34</index>
<measurement> 0.000263038</measurement>
<loglik>9.33564</loglik>
<mean>
 0.998872 0.000961368 0.000198589 0.0966973 </mean>
<covariance>   1.0282e-07  -1.6309e-09  -2.3669e-11  -1.0170e-06
  -1.6309e-09   1.3869e-09   1.2107e-10   5.2606e-07
  -2.3669e-11   1.2107e-10   1.0003e-07  -6.2616e-09
  -1.0170e-06   5.2606e-07  -6.2616e-09   3.8381e-04
</covariance>
</state>
<state>
<time>3.1</time>
<index>35</index>
<mean>
 0.998863 0.000963787 0.000205456 0.0967999 </mean>
<covariance>   1.0305e-07  -1.7997e-09  -3.6342e-11  -1.0589e-06
  -1.7997e-09   1.4987e-09   1.3106e-10   5.6423e-07
  -3.6342e-11   1.3106e-10   1.0003e-07  -2.5041e-09
  -1.0589e-06   5.6423e-07  -2.5041e-09   3.8553e-04
</covariance>
</state>
<state>
<time>3.2</time>
<index>36</index>
<mean>
 0.998853 0.000966222 0.00021234 0.0969019 </mean>
<covariance>   1.0330e-07  -1.9783e-09  -5.0715e-11  -1.1015e-06
  -1.9783e-09   1.6187e-09   1.4227e-10   6.0276e-07
  -5.0715e-11   1.4227e-10   1.0003e-07   1.5261e-09
  -1.1015e-06   6.0276e-07   1.5261e-09   3.8725e-04
</covariance>
</state>
<state>
<time>3.3</time>
<index>37</index>
<mean>
 0.998844 0.000968672 0.000219242 0.0970034 </mean>
<covariance>   1.0355e-07  -2.1669e-09  -6.6897e-11  -1.1447e-06
  -2.1669e-09   1.7471e-09   1.5479e-10   6.4165e-07
  -6.6897e-11   1.5479e-10   1.0003e-07   5.8316e-09
  -1.1447e-06   6.4165e-07   5.8316e-09   3.8897e-04
</covariance>
</state>
<state>
<time>3.4</time>
<index>38</index>
<mean>
 0.998835 0.000971139 0.000226161 0.0971043 </mean>
<covariance>   1.0382e-07  -2.3656e-09  -8.5002e-11  -1.1885e-06
  -2.3656e-09   1.8841e-09   1.6870e-10   6.8091e-07
  -8.5002e-11   1.6870e-10   1.0003e-07   1.0415e-08
  -1.1885e-06   6.8091e-07   1.0415e-08   3.9069e-04
</covariance>
</state>
<state>
<time>3.5</time>
<index>39</index>
<mean>
 0.998825 0.000973621 0.000233097 0.0972047 </mean>
<covariance>   1.0410e-07  -2.5748e-09  -1.0515e-10  -1.2330e-06
  -2.5748e-09   2.0298e-09   1.8410e-10   7.2054e-07
  -1.0515e-10   1.8410e-10   1.0004e-07   1.5278e-08
  -1.2330e-06   7.2054e-07   1.5278e-08   3.9241e-04
</covariance>
</state>
<state>
<time>3.6</time>
<index>40</index>
<mean>
 0.998816 0.00097612 0.000240052 0.0973045 </mean>
<covariance>   1.0439e-07  -2.7947e-09  -1.2745e-10  -1.2781e-06
  -2.7947e-09   2.1844e-09   2.0110e-10   7.6053e-07
  -1.2745e-10   2.0110e-10   1.0004e-07   2.0425e-08
  -1.2781e-06   7.6053e-07   2.0425e-08   3.9412e-04
</covariance>
</state>
<state>
<time>3.7</time>
<index>41</index>
<mean>
 0.998806 0.000978634 0.000247024 0.0974037 </mean>
<covariance>   1.0470e-07  -3.0256e-09  -1.5204e-10  -1.3239e-06
  -3.0256e-09   2.3481e-09   2.1978e-10   8.0091e-07
  -1.5204e-10   2.1978e-10   1.0004e-07   2.5858e-08
  -1.3239e-06   8.0091e-07   2.5858e-08   3.9584e-04
</covariance>
</state>
<state>
<time>3.8</time>
<index>42</index>
<mean>
 0.998797 0.000981165 0.000254014 0.0975023 </mean>
<covariance>   1.0502e-07  -3.2677e-09  -1.7904e-10  -1.3704e-06
  -3.2677e-09   2.5209e-09   2.4025e-10   8.4166e-07
  -1.7904e-10   2.4025e-10   1.0005e-07   3.1578e-08
  -1.3704e-06   8.4166e-07   3.1578e-08   3.9756e-04
</covariance>
</state>
<state>
<time>3.9</time>
<index>43</index>
<mean>
 0.998787 0.000983712 0.000261023 0.0976003 </mean>
<covariance>   1.0535e-07  -3.5214e-09  -2.0857e-10  -1.4176e-06
  -3.5214e-09   2.7032e-09   2.6260e-10   8.8279e-07
  -2.0857e-10   2.6260e-10   1.0005e-07   3.7590e-08
  -1.4176e-06   8.8279e-07   3.7590e-08   3.9928e-04
</covariance>
</state>
<state>
<time>4</time>
<index>44</index>
<mean>
 0.998778 0.000986275 0.000268049 0.0976977 </mean>
<covariance>   1.0570e-07  -3.7869e-09  -2.4079e-10  -1.4654e-06
  -3.7869e-09   2.8950e-09   2.8696e-10   9.2431e-07
  -2.4079e-10   2.8696e-10   1.0005e-07   4.3896e-08
  -1.4654e-06   9.2431e-07   4.3896e-08   4.0100e-04
</covariance>
</state>
<state>
<time>4</time>
<index>45</index>
<measurement> 0.000324886</measurement>
<loglik>7.48042</loglik>
<mean>
 0.998664 0.00107293 0.000276638 0.125364 </mean>
<covariance>   1.0301e-07  -1.7288e-09  -3.6786e-11  -8.0829e-07
  -1.7288e-09   1.3216e-09   1.3100e-10   4.2197e-07
  -3.6786e-11   1.3100e-10   1.0004e-07  -5.8971e-09
  -8.0829e-07   4.2197e-07  -5.8971e-09   2.4062e-04
</covariance>
</state>
<state>
<time>4.1</time>
<index>46</index>
<mean>
 0.998651 0.0010787 0.000284302 0.125461 </mean>
<covariance>   1.0323e-07  -1.8887e-09  -5.0583e-11  -8.3935e-07
  -1.8887e-09   1.4295e-09   1.4089e-10   4.5001e-07
  -5.0583e-11   1.4089e-10   1.0004e-07  -2.8830e-09
  -8.3935e-07   4.5001e-07  -2.8830e-09   2.4234e-04
</covariance>
</state>
<state>
<time>4.2</time>
<index>47</index>
<mean>
 0.998637 0.00108451 0.000292007 0.125557 </mean>
<covariance>   1.0346e-07  -2.0581e-09  -6.6002e-11  -8.7108e-07
  -2.0581e-09   1.5452e-09   1.5195e-10   4.7853e-07
  -6.6002e-11   1.5195e-10   1.0004e-07   3.3141e-10
  -8.7108e-07   4.7853e-07   3.3141e-10   2.4406e-04
</covariance>
</state>
<state>
<time>4.3</time>
<index>48</index>
<mean>
 0.998624 0.00109036 0.000299754 0.125652 </mean>
<covariance>   1.0370e-07  -2.2372e-09  -8.3151e-11  -9.0350e-07
  -2.2372e-09   1.6689e-09   1.6427e-10   5.0753e-07
  -8.3151e-11   1.6427e-10   1.0004e-07   3.7495e-09
  -9.0350e-07   5.0753e-07   3.7495e-09   2.4577e-04
</covariance>
</state>
<state>
<time>4.4</time>
<index>49</index>
<mean>
 0.99861 0.00109625 0.000307542 0.125747 </mean>
<covariance>   1.0396e-07  -2.4264e-09  -1.0214e-10  -9.3662e-07
  -2.4264e-09   1.8010e-09   1.7795e-10   5.3702e-07
  -1.0214e-10   1.7795e-10   1.0005e-07   7.3747e-09
  -9.3662e-07   5.3702e-07   7.3747e-09   2.4749e-04
</covariance>
</state>
<state>
<time>4.5</time>
<index>50</index>
<mean>
 0.998596 0.00110219 0.000315372 0.125842 </mean>
<covariance>   1.0422e-07  -2.6261e-09  -1.2310e-10  -9.7044e-07
  -2.6261e-09   1.9417e-09   1.9307e-10   5.6701e-07
  -1.2310e-10   1.9307e-10   1.0005e-07   1.1211e-08
  -9.7044e-07   5.6701e-07   1.1211e-08   2.4921e-04
</covariance>
</state>
<state>
<time>4.6</time>
<index>51</index>
<mean>
 0.998582 0.00110816 0.000323245 0.125935 </mean>
<covariance>   1.0451e-07  -2.8368e-09  -1.4613e-10  -1.0050e-06
  -2.8368e-09   2.0912e-09   2.0974e-10   5.9750e-07
  -1.4613e-10   2.0974e-10   1.0005e-07   1.5261e-08
  -1.0050e-06   5.9750e-07   1.5261e-08   2.5093e-04
</covariance>
</state>
<state>
<time>4.7</time>
<index>52</index>
<mean>
 0.998568 0.00111418 0.00033116 0.126028 </mean>
<covariance>   1.0480e-07  -3.0587e-09  -1.7138e-10  -1.0402e-06
  -3.0587e-09   2.2499e-09   2.2806e-10   6.2850e-07
  -1.7138e-10   2.2806e-10   1.0006e-07   1.9529e-08
  -1.0402e-06   6.2850e-07   1.9529e-08   2.5265e-04
</covariance>
</state>
<state>
<time>4.8</time>
<index>53</index>
<mean>
 0.998554 0.00112025 0.000339119 0.12612 </mean>
<covariance>   1.0511e-07  -3.2924e-09  -1.9897e-10  -1.0763e-06
  -3.2924e-09   2.4182e-09   2.4812e-10   6.6002e-07
  -1.9897e-10   2.4812e-10   1.0006e-07   2.4018e-08
  -1.0763e-06   6.6002e-07   2.4018e-08   2.5437e-04
</covariance>
</state>
<state>
<time>4.9</time>
<index>54</index>
<mean>
 0.99854 0.00112635 0.000347121 0.126212 </mean>
<covariance>   1.0544e-07  -3.5382e-09  -2.2904e-10  -1.1130e-06
  -3.5382e-09   2.5961e-09   2.7005e-10   6.9206e-07
  -2.2904e-10   2.7005e-10   1.0006e-07   2.8732e-08
  -1.1130e-06   6.9206e-07   2.8732e-08   2.5609e-04
</covariance>
</state>
<state>
<time>5</time>
<index>55</index>
<mean>
 0.998526 0.0011325 0.000355166 0.126303 </mean>
<covariance>   1.0578e-07  -3.7965e-09  -2.6173e-10  -1.1505e-06
  -3.7965e-09   2.7842e-09   2.9396e-10   7.2462e-07
  -2.6173e-10   2.9396e-10   1.0007e-07   3.3676e-08
  -1.1505e-06   7.2462e-07   3.3676e-08   2.5781e-04
</covariance>
</state>
<state>
<time>5</time>
<index>56</index>
<measurement> 0.000346857</measurement>
<loglik>9.12141</loglik>
<mean>
 0.998469 0.00117465 0.000359616 0.137273 </mean>
<covariance>   1.0337e-07  -2.0320e-09  -7.5442e-11  -6.9129e-07
  -2.0320e-09   1.4902e-09   1.5734e-10   3.8785e-07
  -7.5442e-11   1.5734e-10   1.0005e-07  -1.8812e-09
  -6.9129e-07   3.8785e-07  -1.8812e-09   1.7016e-04
</covariance>
</state>
<state>
<time>5.1</time>
<index>57</index>
<mean>
 0.998453 0.00118236 0.000368007 0.137363 </mean>
<covariance>   1.0359e-07  -2.1940e-09  -9.2362e-11  -7.1656e-07
  -2.1940e-09   1.6037e-09   1.6919e-10   4.1034e-07
  -9.2362e-11   1.6919e-10   1.0005e-07   8.8908e-10
  -7.1656e-07   4.1034e-07   8.8908e-10   1.7188e-04
</covariance>
</state>
<state>
<time>5.2</time>
<index>58</index>
<mean>
 0.998436 0.00119014 0.000376452 0.137452 </mean>
<covariance>   1.0382e-07  -2.3653e-09  -1.1096e-10  -7.4246e-07
  -2.3653e-09   1.7247e-09   1.8228e-10   4.3331e-07
  -1.1096e-10   1.8228e-10   1.0006e-07   3.8201e-09
  -7.4246e-07   4.3331e-07   3.8201e-09   1.7360e-04
</covariance>
</state>
<state>
<time>5.3</time>
<index>59</index>
<mean>
 0.99842 0.00119797 0.000384953 0.137541 </mean>
<covariance>   1.0407e-07  -2.5462e-09  -1.3135e-10  -7.6903e-07
  -2.5462e-09   1.8535e-09   1.9670e-10   4.5678e-07
  -1.3135e-10   1.9670e-10   1.0006e-07   6.9152e-09
  -7.6903e-07   4.5678e-07   6.9152e-09   1.7532e-04
</covariance>
</state>
<state>
<time>5.4</time>
<index>60</index>
<mean>
 0.998404 0.00120586 0.00039351 0.137629 </mean>
<covariance>   1.0432e-07  -2.7370e-09  -1.5363e-10  -7.9626e-07
  -2.7370e-09   1.9904e-09   2.1254e-10   4.8075e-07
  -1.5363e-10   2.1254e-10   1.0006e-07   1.0178e-08
  -7.9626e-07   4.8075e-07   1.0178e-08   1.7704e-04
</covariance>
</state>
<state>
<time>5.5</time>
<index>61</index>
<mean>
 0.998387 0.00121382 0.000402123 0.137716 </mean>
<covariance>   1.0459e-07  -2.9383e-09  -1.7793e-10  -8.2416e-07
  -2.9383e-09   2.1357e-09   2.2988e-10   5.0522e-07
  -1.7793e-10   2.2988e-10   1.0007e-07   1.3612e-08
  -8.2416e-07   5.0522e-07   1.3612e-08   1.7876e-04
</covariance>
</state>
<state>
<time>5.6</time>
<index>62</index>
<mean>
 0.99837 0.00122184 0.000410793 0.137802 </mean>
<covariance>   1.0487e-07  -3.1505e-09  -2.0437e-10  -8.5276e-07
  -3.1505e-09   2.2898e-09   2.4884e-10   5.3021e-07
  -2.0437e-10   2.4884e-10   1.0007e-07   1.7220e-08
  -8.5276e-07   5.3021e-07   1.7220e-08   1.8048e-04
</covariance>
</state>
<state>
<time>5.7</time>
<index>63</index>
<mean>
 0.998354 0.00122992 0.000419521 0.137888 </mean>
<covariance>   1.0517e-07  -3.3739e-09  -2.3308e-10  -8.8205e-07
  -3.3739e-09   2.4530e-09   2.6951e-10   5.5572e-07
  -2.3308e-10   2.6951e-10   1.0007e-07   2.1008e-08
  -8.8205e-07   5.5572e-07   2.1008e-08   1.8219e-04
</covariance>
</state>
<state>
<time>5.8</time>
<index>64</index>
<mean>
 0.998337 0.00123807 0.000428306 0.137973 </mean>
<covariance>   1.0548e-07  -3.6091e-09  -2.6420e-10  -9.1206e-07
  -3.6091e-09   2.6256e-09   2.9200e-10   5.8175e-07
  -2.6420e-10   2.9200e-10   1.0008e-07   2.4977e-08
  -9.1206e-07   5.8175e-07   2.4977e-08   1.8391e-04
</covariance>
</state>
<state>
<time>5.9</time>
<index>65</index>
<mean>
 0.99832 0.00124628 0.000437149 0.138057 </mean>
<covariance>   1.0580e-07  -3.8565e-09  -2.9785e-10  -9.4279e-07
  -3.8565e-09   2.8080e-09   3.1641e-10   6.0833e-07
  -2.9785e-10   3.1641e-10   1.0008e-07   2.9132e-08
  -9.4279e-07   6.0833e-07   2.9132e-08   1.8563e-04
</covariance>
</state>
<state>
<time>6</time>
<index>66</index>
<mean>
 0.998302 0.00125455 0.000446051 0.138141 </mean>
<covariance>   1.0615e-07  -4.1165e-09  -3.3420e-10  -9.7425e-07
  -4.1165e-09   3.0005e-09   3.4286e-10   6.3545e-07
  -3.3420e-10   3.4286e-10   1.0009e-07   3.3478e-08
  -9.7425e-07   6.3545e-07   3.3478e-08   1.8735e-04
</covariance>
</state>
<state>
<time>6</time>
<index>67</index>
<measurement> 0.000345295</measurement>
<loglik>9.63675</loglik>
<mean>
 0.998324 0.0012386 0.000444229 0.134763 </mean>
<covariance>   1.0370e-07  -2.3355e-09  -1.3069e-10  -5.9708e-07
  -2.3355e-09   1.7024e-09   1.9452e-10   3.6052e-07
  -1.3069e-10   1.9452e-10   1.0007e-07   2.0632e-09
  -5.9708e-07   3.6052e-07   2.0632e-09   1.2913e-04
</covariance>
</state>
<state>
<time>6.1</time>
<index>68</index>
<mean>
 0.998308 0.00124642 0.000453076 0.134846 </mean>
<covariance>   1.0391e-07  -2.4928e-09  -1.5072e-10  -6.1788e-07
  -2.4928e-09   1.8155e-09   2.0856e-10   3.7875e-07
  -1.5072e-10   2.0856e-10   1.0007e-07   4.6383e-09
  -6.1788e-07   3.7875e-07   4.6383e-09   1.3085e-04
</covariance>
</state>
<state>
<time>6.2</time>
<index>69</index>
<mean>
 0.998291 0.0012543 0.000461979 0.134928 </mean>
<covariance>   1.0413e-07  -2.6583e-09  -1.7242e-10  -6.3925e-07
  -2.6583e-09   1.9353e-09   2.2384e-10   3.9742e-07
  -1.7242e-10   2.2384e-10   1.0007e-07   7.3437e-09
  -6.3925e-07   3.9742e-07   7.3437e-09   1.3257e-04
</covariance>
</state>
<state>
<time>6.3</time>
<index>70</index>
<mean>
 0.998274 0.00126223 0.000470938 0.135009 </mean>
<covariance>   1.0437e-07  -2.8324e-09  -1.9588e-10  -6.6120e-07
  -2.8324e-09   2.0620e-09   2.4043e-10   4.1652e-07
  -1.9588e-10   2.4043e-10   1.0008e-07   1.0182e-08
  -6.6120e-07   4.1652e-07   1.0182e-08   1.3429e-04
</covariance>
</state>
<state>
<time>6.4</time>
<index>71</index>
<mean>
 0.998257 0.00127023 0.000479954 0.135089 </mean>
<covariance>   1.0461e-07  -3.0155e-09  -2.2121e-10  -6.8372e-07
  -3.0155e-09   2.1959e-09   2.5843e-10   4.3607e-07
  -2.2121e-10   2.5843e-10   1.0008e-07   1.3158e-08
  -6.8372e-07   4.3607e-07   1.3158e-08   1.3601e-04
</covariance>
</state>
<state>
<time>6.5</time>
<index>72</index>
<mean>
 0.99824 0.00127828 0.000489027 0.135168 </mean>
<covariance>   1.0486e-07  -3.2078e-09  -2.4850e-10  -7.0683e-07
  -3.2078e-09   2.3372e-09   2.7792e-10   4.5607e-07
  -2.4850e-10   2.7792e-10   1.0009e-07   1.6272e-08
  -7.0683e-07   4.5607e-07   1.6272e-08   1.3773e-04
</covariance>
</state>
<state>
<time>6.6</time>
<index>73</index>
<mean>
 0.998223 0.0012864 0.000498158 0.135247 </mean>
<covariance>   1.0513e-07  -3.4099e-09  -2.7788e-10  -7.3055e-07
  -3.4099e-09   2.4863e-09   2.9897e-10   4.7653e-07
  -2.7788e-10   2.9897e-10   1.0009e-07   1.9530e-08
  -7.3055e-07   4.7653e-07   1.9530e-08   1.3945e-04
</covariance>
</state>
<state>
<time>6.7</time>
<index>74</index>
<mean>
 0.998205 0.00129458 0.000507347 0.135325 </mean>
<covariance>   1.0541e-07  -3.6219e-09  -3.0945e-10  -7.5488e-07
  -3.6219e-09   2.6433e-09   3.2168e-10   4.9745e-07
  -3.0945e-10   3.2168e-10   1.0009e-07   2.2934e-08
  -7.5488e-07   4.9745e-07   2.2934e-08   1.4116e-04
</covariance>
</state>
<state>
<time>6.8</time>
<index>75</index>
<mean>
 0.998188 0.00130282 0.000516594 0.135401 </mean>
<covariance>   1.0571e-07  -3.8445e-09  -3.4334e-10  -7.7982e-07
  -3.8445e-09   2.8087e-09   3.4615e-10   5.1885e-07
  -3.4334e-10   3.4615e-10   1.0010e-07   2.6487e-08
  -7.7982e-07   5.1885e-07   2.6487e-08   1.4288e-04
</covariance>
</state>
<state>
<time>6.9</time>
<index>76</index>
<mean>
 0.99817 0.00131112 0.0005259 0.135477 </mean>
<covariance>   1.0601e-07  -4.0779e-09  -3.7967e-10  -8.0541e-07
  -4.0779e-09   2.9827e-09   3.7246e-10   5.4072e-07
  -3.7967e-10   3.7246e-10   1.0010e-07   3.0193e-08
  -8.0541e-07   5.4072e-07   3.0193e-08   1.4460e-04
</covariance>
</state>
<state>
<time>7</time>
<index>77</index>
<mean>
 0.998152 0.00131949 0.000535265 0.135553 </mean>
<covariance>   1.0634e-07  -4.3226e-09  -4.1857e-10  -8.3163e-07
  -4.3226e-09   3.1656e-09   4.0073e-10   5.6308e-07
  -4.1857e-10   4.0073e-10   1.0011e-07   3.4055e-08
  -8.3163e-07   5.6308e-07   3.4055e-08   1.4632e-04
</covariance>
</state>
<state>
<time>7</time>
<index>78</index>
<measurement> 0.00032525</measurement>
<loglik>7.71573</loglik>
<mean>
 0.998251 0.00124686 0.000526071 0.122634 </mean>
<covariance>   1.0385e-07  -2.5025e-09  -1.8817e-10  -5.0789e-07
  -2.5025e-09   1.8327e-09   2.3200e-10   3.2599e-07
  -1.8817e-10   2.3200e-10   1.0009e-07   4.0425e-09
  -5.0789e-07   3.2599e-07   4.0425e-09   1.0415e-04
</covariance>
</state>
<state>
<time>7.1</time>
<index>79</index>
<mean>
 0.998236 0.00125322 0.000534977 0.122709 </mean>
<covariance>   1.0404e-07  -2.6423e-09  -2.0984e-10  -5.2483e-07
  -2.6423e-09   1.9345e-09   2.4713e-10   3.4061e-07
  -2.0984e-10   2.4713e-10   1.0009e-07   6.3710e-09
  -5.2483e-07   3.4061e-07   6.3710e-09   1.0587e-04
</covariance>
</state>
<state>
<time>7.2</time>
<index>80</index>
<mean>
 0.998221 0.00125962 0.000543929 0.122782 </mean>
<covariance>   1.0423e-07  -2.7887e-09  -2.3300e-10  -5.4224e-07
  -2.7887e-09   2.0416e-09   2.6338e-10   3.5558e-07
  -2.3300e-10   2.6338e-10   1.0009e-07   8.8039e-09
  -5.4224e-07   3.5558e-07   8.8039e-09   1.0759e-04
</covariance>
</state>
<state>
<time>7.3</time>
<index>81</index>
<mean>
 0.998205 0.00126606 0.000552926 0.122855 </mean>
<covariance>   1.0444e-07  -2.9418e-09  -2.5775e-10  -5.6012e-07
  -2.9418e-09   2.1540e-09   2.8080e-10   3.7092e-07
  -2.5775e-10   2.8080e-10   1.0010e-07   1.1344e-08
  -5.6012e-07   3.7092e-07   1.1344e-08   1.0931e-04
</covariance>
</state>
<state>
<time>7.4</time>
<index>82</index>
<mean>
 0.99819 0.00127254 0.000561969 0.122926 </mean>
<covariance>   1.0465e-07  -3.1019e-09  -2.8416e-10  -5.7847e-07
  -3.1019e-09   2.2720e-09   2.9947e-10   3.8663e-07
  -2.8416e-10   2.9947e-10   1.0010e-07   1.3993e-08
  -5.7847e-07   3.8663e-07   1.3993e-08   1.1103e-04
</covariance>
</state>
<state>
<time>7.5</time>
<index>83</index>
<mean>
 0.998174 0.00127907 0.000571059 0.122997 </mean>
<covariance>   1.0488e-07  -3.2694e-09  -3.1231e-10  -5.9731e-07
  -3.2694e-09   2.3958e-09   3.1944e-10   4.0270e-07
  -3.1231e-10   3.1944e-10   1.0011e-07   1.6755e-08
  -5.9731e-07   4.0270e-07   1.6755e-08   1.1275e-04
</covariance>
</state>
<state>
<time>7.6</time>
<index>84</index>
<mean>
 0.998159 0.00128563 0.000580195 0.123067 </mean>
<covariance>   1.0511e-07  -3.4445e-09  -3.4230e-10  -6.1664e-07
  -3.4445e-09   2.5255e-09   3.4078e-10   4.1916e-07
  -3.4230e-10   3.4078e-10   1.0011e-07   1.9631e-08
  -6.1664e-07   4.1916e-07   1.9631e-08   1.1447e-04
</covariance>
</state>
<state>
<time>7.7</time>
<index>85</index>
<mean>
 0.998143 0.00129224 0.000589378 0.123136 </mean>
<covariance>   1.0535e-07  -3.6274e-09  -3.7421e-10  -6.3647e-07
  -3.6274e-09   2.6615e-09   3.6357e-10   4.3599e-07
  -3.7421e-10   3.6357e-10   1.0012e-07   2.2625e-08
  -6.3647e-07   4.3599e-07   2.2625e-08   1.1619e-04
</covariance>
</state>
<state>
<time>7.8</time>
<index>86</index>
<mean>
 0.998127 0.0012989 0.000598609 0.123204 </mean>
<covariance>   1.0561e-07  -3.8184e-09  -4.0814e-10  -6.5680e-07
  -3.8184e-09   2.8038e-09   3.8786e-10   4.5321e-07
  -4.0814e-10   3.8786e-10   1.0012e-07   2.5740e-08
  -6.5680e-07   4.5321e-07   2.5740e-08   1.1790e-04
</covariance>
</state>
<state>
<time>7.9</time>
<index>87</index>
<mean>
 0.998111 0.00130559 0.000607886 0.123271 </mean>
<covariance>   1.0587e-07  -4.0179e-09  -4.4418e-10  -6.7765e-07
  -4.0179e-09   2.9528e-09   4.1374e-10   4.7082e-07
  -4.4418e-10   4.1374e-10   1.0013e-07   2.8977e-08
  -6.7765e-07   4.7082e-07   2.8977e-08   1.1962e-04
</covariance>
</state>
<state>
<time>8</time>
<index>88</index>
<mean>
 0.998095 0.00131233 0.000617212 0.123337 </mean>
<covariance>   1.0615e-07  -4.2262e-09  -4.8243e-10  -6.9902e-07
  -4.2262e-09   3.1086e-09   4.4128e-10   4.8883e-07
  -4.8243e-10   4.4128e-10   1.0013e-07   3.2340e-08
  -6.9902e-07   4.8883e-07   3.2340e-08   1.2134e-04
</covariance>
</state>
<state>
<time>8</time>
<index>89</index>
<measurement> 0.000361825</measurement>
<loglik>9.61222</loglik>
<mean>
 0.998116 0.00129709 0.000615049 0.120941 </mean>
<covariance>   1.0374e-07  -2.4542e-09  -2.3089e-10  -4.2038e-07
  -2.4542e-09   1.8052e-09   2.5626e-10   2.8387e-07
  -2.3089e-10   2.5626e-10   1.0011e-07   3.2450e-09
  -4.2038e-07   2.8387e-07   3.2450e-09   8.9113e-05
</covariance>
</state>
<state>
<time>8.1</time>
<index>90</index>
<mean>
 0.9981 0.00130348 0.000624314 0.121006 </mean>
<covariance>   1.0391e-07  -2.5799e-09  -2.5235e-10  -4.3534e-07
  -2.5799e-09   1.8983e-09   2.7116e-10   2.9680e-07
  -2.5235e-10   2.7116e-10   1.0011e-07   5.2727e-09
  -4.3534e-07   2.9680e-07   5.2727e-09   9.0833e-05
</covariance>
</state>
<state>
<time>8.2</time>
<index>91</index>
<mean>
 0.998084 0.00130992 0.000633624 0.121071 </mean>
<covariance>   1.0408e-07  -2.7114e-09  -2.7517e-10  -4.5073e-07
  -2.7114e-09   1.9962e-09   2.8708e-10   3.1008e-07
  -2.7517e-10   2.8708e-10   1.0012e-07   7.3927e-09
  -4.5073e-07   3.1008e-07   7.3927e-09   9.2552e-05
</covariance>
</state>
<state>
<time>8.3</time>
<index>92</index>
<mean>
 0.998068 0.00131639 0.000642981 0.121134 </mean>
<covariance>   1.0426e-07  -2.8491e-09  -2.9943e-10  -4.6657e-07
  -2.8491e-09   2.0989e-09   3.0408e-10   3.2370e-07
  -2.9943e-10   3.0408e-10   1.0012e-07   9.6075e-09
  -4.6657e-07   3.2370e-07   9.6075e-09   9.4271e-05
</covariance>
</state>
<state>
<time>8.4</time>
<index>93</index>
<mean>
 0.998052 0.0013229 0.000652384 0.121196 </mean>
<covariance>   1.0445e-07  -2.9931e-09  -3.2520e-10  -4.8286e-07
  -2.9931e-09   2.2068e-09   3.2221e-10   3.3768e-07
  -3.2520e-10   3.2221e-10   1.0012e-07   1.1920e-08
  -4.8286e-07   3.3768e-07   1.1920e-08   9.5991e-05
</covariance>
</state>
<state>
<time>8.5</time>
<index>94</index>
<mean>
 0.998036 0.00132945 0.000661833 0.121258 </mean>
<covariance>   1.0465e-07  -3.1438e-09  -3.5256e-10  -4.9962e-07
  -3.1438e-09   2.3199e-09   3.4154e-10   3.5202e-07
  -3.5256e-10   3.4154e-10   1.0013e-07   1.4332e-08
  -4.9962e-07   3.5202e-07   1.4332e-08   9.7710e-05
</covariance>
</state>
<state>
<time>8.6</time>
<index>95</index>
<mean>
 0.99802 0.00133605 0.000671329 0.121319 </mean>
<covariance>   1.0486e-07  -3.3014e-09  -3.8158e-10  -5.1683e-07
  -3.3014e-09   2.4384e-09   3.6211e-10   3.6672e-07
  -3.8158e-10   3.6211e-10   1.0013e-07   1.6846e-08
  -5.1683e-07   3.6672e-07   1.6846e-08   9.9429e-05
</covariance>
</state>
<state>
<time>8.7</time>
<index>96</index>
<mean>
 0.998004 0.00134268 0.000680872 0.121378 </mean>
<covariance>   1.0508e-07  -3.4661e-09  -4.1234e-10  -5.3452e-07
  -3.4661e-09   2.5626e-09   3.8400e-10   3.8179e-07
  -4.1234e-10   3.8400e-10   1.0014e-07   1.9466e-08
  -5.3452e-07   3.8179e-07   1.9466e-08   1.0115e-04
</covariance>
</state>
<state>
<time>8.8</time>
<index>97</index>
<mean>
 0.997988 0.00134935 0.000690463 0.121437 </mean>
<covariance>   1.0531e-07  -3.6383e-09  -4.4494e-10  -5.5269e-07
  -3.6383e-09   2.6927e-09   4.0727e-10   3.9724e-07
  -4.4494e-10   4.0727e-10   1.0014e-07   2.2193e-08
  -5.5269e-07   3.9724e-07   2.2193e-08   1.0287e-04
</covariance>
</state>
<state>
<time>8.9</time>
<index>98</index>
<mean>
 0.997972 0.00135607 0.000700101 0.121494 </mean>
<covariance>   1.0554e-07  -3.8181e-09  -4.7946e-10  -5.7135e-07
  -3.8181e-09   2.8288e-09   4.3199e-10   4.1306e-07
  -4.7946e-10   4.3199e-10   1.0015e-07   2.5030e-08
  -5.7135e-07   4.1306e-07   2.5030e-08   1.0459e-04
</covariance>
</state>
<state>
<time>9</time>
<index>99</index>
<mean>
 0.997955 0.00136282 0.000709787 0.121551 </mean>
<covariance>   1.0579e-07  -4.0059e-09  -5.1599e-10  -5.9050e-07
  -4.0059e-09   2.9712e-09   4.5823e-10   4.2926e-07
  -5.1599e-10   4.5823e-10   1.0016e-07   2.7981e-08
  -5.9050e-07   4.2926e-07   2.7981e-08   1.0631e-04
</covariance>
</state>
<state>
<time>9</time>
<index>100</index>
<measurement> 0.000374914</measurement>
<loglik>9.57931</loglik>
<mean>
 0.997977 0.00134695 0.000707339 0.119258 </mean>
<covariance>   1.0368e-07  -2.4427e-09  -2.7492e-10  -3.6467e-07
  -2.4427e-09   1.8118e-09   2.7942e-10   2.6176e-07
  -2.7492e-10   2.7942e-10   1.0013e-07   2.1481e-09
  -3.6467e-07   2.6176e-07   2.1481e-09   8.2107e-05
</covariance>
</state>
<state>
<time>9.1</time>
<index>101</index>
<mean>
 0.99796 0.00135336 0.00071696 0.119313 </mean>
<covariance>   1.0384e-07  -2.5606e-09  -2.9639e-10  -3.7882e-07
  -2.5606e-09   1.9012e-09   2.9429e-10   2.7404e-07
  -2.9639e-10   2.9429e-10   1.0013e-07   4.0178e-09
  -3.7882e-07   2.7404e-07   4.0178e-09   8.3826e-05
</covariance>
</state>
<state>
<time>9.2</time>
<index>102</index>
<mean>
 0.997944 0.00135981 0.000726627 0.119368 </mean>
<covariance>   1.0400e-07  -2.6841e-09  -3.1915e-10  -3.9340e-07
  -2.6841e-09   1.9952e-09   3.1014e-10   2.8666e-07
  -3.1915e-10   3.1014e-10   1.0014e-07   5.9752e-09
  -3.9340e-07   2.8666e-07   5.9752e-09   8.5545e-05
</covariance>
</state>
<state>
<time>9.3</time>
<index>103</index>
<mean>
 0.997928 0.00136629 0.00073634 0.119422 </mean>
<covariance>   1.0417e-07  -2.8136e-09  -3.4327e-10  -4.0842e-07
  -2.8136e-09   2.0939e-09   3.2702e-10   2.9963e-07
  -3.4327e-10   3.2702e-10   1.0014e-07   8.0228e-09
  -4.0842e-07   2.9963e-07   8.0228e-09   8.7265e-05
</covariance>
</state>
<state>
<time>9.4</time>
<index>104</index>
<mean>
 0.997912 0.00137282 0.000746099 0.119475 </mean>
<covariance>   1.0435e-07  -2.9492e-09  -3.6882e-10  -4.2388e-07
  -2.9492e-09   2.1976e-09   3.4499e-10   3.1295e-07
  -3.6882e-10   3.4499e-10   1.0015e-07   1.0163e-08
  -4.2388e-07   3.1295e-07   1.0163e-08   8.8984e-05
</covariance>
</state>
<state>
<time>9.5</time>
<index>105</index>
<mean>
 0.997896 0.00137938 0.000755905 0.119526 </mean>
<covariance>   1.0454e-07  -3.0912e-09  -3.9588e-10  -4.3979e-07
  -3.0912e-09   2.3064e-09   3.6411e-10   3.2663e-07
  -3.9588e-10   3.6411e-10   1.0015e-07   1.2398e-08
  -4.3979e-07   3.2663e-07   1.2398e-08   9.0703e-05
</covariance>
</state>
<state>
<time>9.6</time>
<index>106</index>
<mean>
 0.997879 0.00138598 0.000765758 0.119577 </mean>
<covariance>   1.0473e-07  -3.2398e-09  -4.2452e-10  -4.5617e-07
  -3.2398e-09   2.4205e-09   3.8442e-10   3.4067e-07
  -4.2452e-10   3.8442e-10   1.0016e-07   1.4731e-08
  -4.5617e-07   3.4067e-07   1.4731e-08   9.2423e-05
</covariance>
</state>
<state>
<time>9.7</time>
<index>107</index>
<mean>
 0.997863 0.00139262 0.000775657 0.119627 </mean>
<covariance>   1.0493e-07  -3.3953e-09  -4.5482e-10  -4.7301e-07
  -3.3953e-09   2.5401e-09   4.0600e-10   3.5507e-07
  -4.5482e-10   4.0600e-10   1.0016e-07   1.7165e-08
  -4.7301e-07   3.5507e-07   1.7165e-08   9.4142e-05
</covariance>
</state>
<state>
<time>9.8</time>
<index>108</index>
<mean>
 0.997846 0.00139929 0.000785605 0.119675 </mean>
<covariance>   1.0515e-07  -3.5580e-09  -4.8686e-10  -4.9032e-07
  -3.5580e-09   2.6653e-09   4.2891e-10   3.6985e-07
  -4.8686e-10   4.2891e-10   1.0017e-07   1.9701e-08
  -4.9032e-07   3.6985e-07   1.9701e-08   9.5861e-05
</covariance>
</state>
<state>
<time>9.9</time>
<index>109</index>
<mean>
 0.997829 0.00140601 0.0007956 0.119723 </mean>
<covariance>   1.0537e-07  -3.7280e-09  -5.2074e-10  -5.0811e-07
  -3.7280e-09   2.7965e-09   4.5321e-10   3.8500e-07
  -5.2074e-10   4.5321e-10   1.0017e-07   2.2343e-08
  -5.0811e-07   3.8500e-07   2.2343e-08   9.7580e-05
</covariance>
</state>
<state>
<time>10</time>
<index>110</index>
<mean>
 0.997812 0.00141276 0.000805643 0.119769 </mean>
<covariance>   1.0560e-07  -3.9058e-09  -5.5653e-10  -5.2639e-07
  -3.9058e-09   2.9338e-09   4.7897e-10   4.0053e-07
  -5.5653e-10   4.7897e-10   1.0018e-07   2.5093e-08
  -5.2639e-07   4.0053e-07   2.5093e-08   9.9300e-05
</covariance>
</state>
<state>
<time>10</time>
<index>111</index>
<measurement> 0.000406298</measurement>
<loglik>9.6427</loglik>
<mean>
 0.997803 0.00142019 0.000806855 0.120783 </mean>
<covariance>   1.0367e-07  -2.4596e-09  -3.2043e-10  -3.2895e-07
  -2.4596e-09   1.8475e-09   3.0162e-10   2.5223e-07
  -3.2043e-10   3.0162e-10   1.0015e-07   8.8098e-10
  -3.2895e-07   2.5223e-07   8.8098e-10   7.9053e-05
</covariance>
</state>
<state>
<time>10.1</time>
<index>112</index>
<mean>
 0.997785 0.00142716 0.000816999 0.120829 </mean>
<covariance>   1.0383e-07  -2.5768e-09  -3.4217e-10  -3.4319e-07
  -2.5768e-09   1.9390e-09   3.1674e-10   2.6467e-07
  -3.4217e-10   3.1674e-10   1.0016e-07   2.6826e-09
