<?xml version="1.0"?>
<root>
<parameters> 0.48125 0.0418233 0.0899263 0.000572281</parameters>
<dataPoints>365</dataPoints>
<states>
<state>
<time>0</time>
<index>0</index>
<mean>
 0.999 0.001 0 </mean>
<covariance>   1.0000e-07            0            0
            0   1.0000e-07            0
            0            0   1.0000e-07
</covariance>
</state>
<state>
<time>0</time>
<index>1</index>
<measurement> 0.000266107</measurement>
<loglik>6.88423</loglik>
<mean>
 0.999 0.000563854 0 </mean>
<covariance>   1.0000e-07            0            0
            0   2.4390e-09            0
            0            0   1.0000e-07
</covariance>
</state>
<state>
<time>0.1</time>
<index>2</index>
<mean>
 0.999423 0.000573337 4.08772e-06 </mean>
<covariance>   1.0005e-07  -7.6945e-11  -1.5651e-13
  -7.6945e-11   2.5035e-09   1.7454e-11
  -1.5651e-13   1.7454e-11   1.0000e-07
</covariance>
</state>
<state>
<time>0.2</time>
<index>3</index>
<mean>
 0.999417 0.000574394 8.18298e-06 </mean>
<covariance>   1.0011e-07  -1.5654e-10  -1.0237e-12
  -1.5654e-10   2.5702e-09   3.5401e-11
  -1.0237e-12   3.5401e-11   1.0000e-07
</covariance>
</state>
<state>
<time>0.3</time>
<index>4</index>
<mean>
 0.999412 0.000575454 1.22858e-05 </mean>
<covariance>   1.0017e-07  -2.3710e-10  -2.6250e-12
  -2.3710e-10   2.6373e-09   5.3859e-11
  -2.6250e-12   5.3859e-11   1.0000e-07
</covariance>
</state>
<state>
<time>0.4</time>
<index>5</index>
<mean>
 0.999407 0.000576515 1.63962e-05 </mean>
<covariance>   1.0023e-07  -3.1862e-10  -4.9719e-12
  -3.1862e-10   2.7049e-09   7.2831e-11
  -4.9719e-12   7.2831e-11   1.0000e-07
</covariance>
</state>
<state>
<time>0.5</time>
<index>6</index>
<mean>
 0.999402 0.000577579 2.05142e-05 </mean>
<covariance>   1.0030e-07  -4.0111e-10  -8.0759e-12
  -4.0111e-10   2.7730e-09   9.2322e-11
  -8.0759e-12   9.2322e-11   1.0000e-07
</covariance>
</state>
<state>
<time>0.6</time>
<index>7</index>
<mean>
 0.999397 0.000578644 2.46397e-05 </mean>
<covariance>   1.0036e-07  -4.8458e-10  -1.1949e-11
  -4.8458e-10   2.8415e-09   1.1234e-10
  -1.1949e-11   1.1234e-10   1.0000e-07
</covariance>
</state>
<state>
<time>0.7</time>
<index>8</index>
<mean>
 0.999392 0.000579711 2.87729e-05 </mean>
<covariance>   1.0043e-07  -5.6903e-10  -1.6602e-11
  -5.6903e-10   2.9105e-09   1.3288e-10
  -1.6602e-11   1.3288e-10   1.0001e-07
</covariance>
</state>
<state>
<time>0.8</time>
<index>9</index>
<mean>
 0.999386 0.00058078 3.29137e-05 </mean>
<covariance>   1.0050e-07  -6.5447e-10  -2.2047e-11
  -6.5447e-10   2.9799e-09   1.5395e-10
  -2.2047e-11   1.5395e-10   1.0001e-07
</covariance>
</state>
<state>
<time>0.9</time>
<index>10</index>
<mean>
 0.999381 0.000581851 3.70621e-05 </mean>
<covariance>   1.0057e-07  -7.4091e-10  -2.8297e-11
  -7.4091e-10   3.0498e-09   1.7556e-10
  -2.8297e-11   1.7556e-10   1.0001e-07
</covariance>
</state>
<state>
<time>1</time>
<index>11</index>
<mean>
 0.999376 0.000582924 4.12182e-05 </mean>
<covariance>   1.0064e-07  -8.2835e-10  -3.5362e-11
  -8.2835e-10   3.1202e-09   1.9770e-10
  -3.5362e-11   1.9770e-10   1.0001e-07
</covariance>
</state>
<state>
<time>1</time>
<index>12</index>
<measurement> 0.000268494</measurement>
<loglik>9.40589</loglik>
<mean>
 0.999381 0.000563262 3.99723e-05 </mean>
<covariance>   1.0046e-07  -1.7726e-10   5.8919e-12
  -1.7726e-10   6.6771e-10   4.2308e-11
   5.8919e-12   4.2308e-11   1.0000e-07
</covariance>
</state>
<state>
<time>1.1</time>
<index>13</index>
<mean>
 0.999376 0.000564301 4.39956e-05 </mean>
<covariance>   1.0052e-07  -2.3852e-10   4.2026e-12
  -2.3852e-10   7.2560e-10   4.7164e-11
   4.2026e-12   4.7164e-11   1.0000e-07
</covariance>
</state>
<state>
<time>1.2</time>
<index>14</index>
<mean>
 0.999371 0.000565341 4.80263e-05 </mean>
<covariance>   1.0058e-07  -3.0061e-10   2.0285e-12
  -3.0061e-10   7.8391e-10   5.2443e-11
   2.0285e-12   5.2443e-11   1.0000e-07
</covariance>
</state>
<state>
<time>1.3</time>
<index>15</index>
<mean>
 0.999366 0.000566384 5.20645e-05 </mean>
<covariance>   1.0064e-07  -3.6354e-10  -6.4037e-13
  -3.6354e-10   8.4264e-10   5.8150e-11
  -6.4037e-13   5.8150e-11   1.0001e-07
</covariance>
</state>
<state>
<time>1.4</time>
<index>16</index>
<mean>
 0.999361 0.000567428 5.61101e-05 </mean>
<covariance>   1.0070e-07  -4.2733e-10  -3.8138e-12
  -4.2733e-10   9.0179e-10   6.4287e-11
  -3.8138e-12   6.4287e-11   1.0001e-07
</covariance>
</state>
<state>
<time>1.5</time>
<index>17</index>
<mean>
 0.999356 0.000568475 6.01631e-05 </mean>
<covariance>   1.0077e-07  -4.9197e-10  -7.5017e-12
  -4.9197e-10   9.6136e-10   7.0859e-11
  -7.5017e-12   7.0859e-11   1.0001e-07
</covariance>
</state>
<state>
<time>1.6</time>
<index>18</index>
<mean>
 0.999351 0.000569523 6.42237e-05 </mean>
<covariance>   1.0083e-07  -5.5747e-10  -1.1714e-11
  -5.5747e-10   1.0214e-09   7.7869e-11
  -1.1714e-11   7.7869e-11   1.0001e-07
</covariance>
</state>
<state>
<time>1.7</time>
<index>19</index>
<mean>
 0.999345 0.000570573 6.82917e-05 </mean>
<covariance>   1.0090e-07  -6.2383e-10  -1.6461e-11
  -6.2383e-10   1.0818e-09   8.5321e-11
  -1.6461e-11   8.5321e-11   1.0001e-07
</covariance>
</state>
<state>
<time>1.8</time>
<index>20</index>
<mean>
 0.99934 0.000571625 7.23672e-05 </mean>
<covariance>   1.0096e-07  -6.9107e-10  -2.1753e-11
  -6.9107e-10   1.1426e-09   9.3220e-11
  -2.1753e-11   9.3220e-11   1.0001e-07
</covariance>
</state>
<state>
<time>1.9</time>
<index>21</index>
<mean>
 0.999335 0.000572679 7.64503e-05 </mean>
<covariance>   1.0103e-07  -7.5919e-10  -2.7601e-11
  -7.5919e-10   1.2039e-09   1.0157e-10
  -2.7601e-11   1.0157e-10   1.0001e-07
</covariance>
</state>
<state>
<time>2</time>
<index>22</index>
<mean>
 0.99933 0.000573735 8.05408e-05 </mean>
<covariance>   1.0110e-07  -8.2820e-10  -3.4013e-11
  -8.2820e-10   1.2657e-09   1.1037e-10
  -3.4013e-11   1.1037e-10   1.0001e-07
</covariance>
</state>
<state>
<time>2</time>
<index>23</index>
<measurement> 0.000273642</measurement>
<loglik>9.79952</loglik>
<mean>
 0.999332 0.000570627 8.02698e-05 </mean>
<covariance>   1.0077e-07  -3.2632e-10   9.7525e-12
  -3.2632e-10   4.9868e-10   4.3487e-11
   9.7525e-12   4.3487e-11   1.0001e-07
</covariance>
</state>
<state>
<time>2.1</time>
<index>24</index>
<mean>
 0.999327 0.000571679 8.43457e-05 </mean>
<covariance>   1.0084e-07  -3.8777e-10   6.9988e-12
  -3.8777e-10   5.5740e-10   4.7136e-11
   6.9988e-12   4.7136e-11   1.0001e-07
</covariance>
</state>
<state>
<time>2.2</time>
<index>25</index>
<mean>
 0.999322 0.000572733 8.84291e-05 </mean>
<covariance>   1.0090e-07  -4.5008e-10   3.7696e-12
  -4.5008e-10   6.1655e-10   5.1212e-11
   3.7696e-12   5.1212e-11   1.0001e-07
</covariance>
</state>
<state>
<time>2.3</time>
<index>26</index>
<mean>
 0.999317 0.000573789 9.25201e-05 </mean>
<covariance>   1.0096e-07  -5.1323e-10   5.4958e-14
  -5.1323e-10   6.7612e-10   5.5718e-11
   5.4958e-14   5.5718e-11   1.0001e-07
</covariance>
</state>
<state>
<time>2.4</time>
<index>27</index>
<mean>
 0.999312 0.000574847 9.66186e-05 </mean>
<covariance>   1.0103e-07  -5.7725e-10  -4.1551e-12
  -5.7725e-10   7.3612e-10   6.0659e-11
  -4.1551e-12   6.0659e-11   1.0001e-07
</covariance>
</state>
<state>
<time>2.5</time>
<index>28</index>
<mean>
 0.999306 0.000575907 0.000100725 </mean>
<covariance>   1.0110e-07  -6.4214e-10  -8.8707e-12
  -6.4214e-10   7.9655e-10   6.6039e-11
  -8.8707e-12   6.6039e-11   1.0001e-07
</covariance>
</state>
<state>
<time>2.6</time>
<index>29</index>
<mean>
 0.999301 0.000576968 0.000104838 </mean>
<covariance>   1.0116e-07  -7.0790e-10  -1.4102e-11
  -7.0790e-10   8.5742e-10   7.1861e-11
  -1.4102e-11   7.1861e-11   1.0001e-07
</covariance>
</state>
<state>
<time>2.7</time>
<index>30</index>
<mean>
 0.999296 0.000578032 0.000108959 </mean>
<covariance>   1.0123e-07  -7.7455e-10  -1.9859e-11
  -7.7455e-10   9.1872e-10   7.8129e-11
  -1.9859e-11   7.8129e-11   1.0001e-07
</covariance>
</state>
<state>
<time>2.8</time>
<index>31</index>
<mean>
 0.999291 0.000579098 0.000113088 </mean>
<covariance>   1.0131e-07  -8.4208e-10  -2.6152e-11
  -8.4208e-10   9.8046e-10   8.4847e-11
  -2.6152e-11   8.4847e-11   1.0002e-07
</covariance>
</state>
<state>
<time>2.9</time>
<index>32</index>
<mean>
 0.999286 0.000580165 0.000117225 </mean>
<covariance>   1.0138e-07  -9.1050e-10  -3.2993e-11
  -9.1050e-10   1.0427e-09   9.2019e-11
  -3.2993e-11   9.2019e-11   1.0002e-07
</covariance>
</state>
<state>
<time>3</time>
<index>33</index>
<mean>
 0.99928 0.000581234 0.000121369 </mean>
<covariance>   1.0145e-07  -9.7983e-10  -4.0390e-11
  -9.7983e-10   1.1053e-09   9.9650e-11
  -4.0390e-11   9.9650e-11   1.0002e-07
</covariance>
</state>
<state>
<time>3</time>
<index>34</index>
<measurement> 0.000263038</measurement>
<loglik>9.5321</loglik>
<mean>
 0.999298 0.000561587 0.000119597 </mean>
<covariance>   1.0096e-07  -4.2441e-10   9.6854e-12
  -4.2441e-10   4.7875e-10   4.3163e-11
   9.6854e-12   4.3163e-11   1.0001e-07
</covariance>
</state>
<state>
<time>3.1</time>
<index>35</index>
<mean>
 0.999293 0.000562622 0.000123609 </mean>
<covariance>   1.0102e-07  -4.8408e-10   6.2352e-12
  -4.8408e-10   5.3560e-10   4.6669e-11
   6.2352e-12   4.6669e-11   1.0001e-07
</covariance>
</state>
<state>
<time>3.2</time>
<index>36</index>
<mean>
 0.999288 0.000563659 0.000127627 </mean>
<covariance>   1.0108e-07  -5.4457e-10   2.3237e-12
  -5.4457e-10   5.9287e-10   5.0588e-11
   2.3237e-12   5.0588e-11   1.0001e-07
</covariance>
</state>
<state>
<time>3.3</time>
<index>37</index>
<mean>
 0.999283 0.000564698 0.000131653 </mean>
<covariance>   1.0115e-07  -6.0589e-10  -2.0587e-12
  -6.0589e-10   6.5054e-10   5.4924e-11
  -2.0587e-12   5.4924e-11   1.0001e-07
</covariance>
</state>
<state>
<time>3.4</time>
<index>38</index>
<mean>
 0.999278 0.000565739 0.000135687 </mean>
<covariance>   1.0121e-07  -6.6805e-10  -6.9218e-12
  -6.6805e-10   7.0864e-10   5.9680e-11
  -6.9218e-12   5.9680e-11   1.0002e-07
</covariance>
</state>
<state>
<time>3.5</time>
<index>39</index>
<mean>
 0.999272 0.000566782 0.000139728 </mean>
<covariance>   1.0128e-07  -7.3104e-10  -1.2275e-11
  -7.3104e-10   7.6715e-10   6.4861e-11
  -1.2275e-11   6.4861e-11   1.0002e-07
</covariance>
</state>
<state>
<time>3.6</time>
<index>40</index>
<mean>
 0.999267 0.000567826 0.000143776 </mean>
<covariance>   1.0135e-07  -7.9489e-10  -1.8129e-11
  -7.9489e-10   8.2608e-10   7.0470e-11
  -1.8129e-11   7.0470e-11   1.0002e-07
</covariance>
</state>
<state>
<time>3.7</time>
<index>41</index>
<mean>
 0.999262 0.000568873 0.000147832 </mean>
<covariance>   1.0142e-07  -8.5958e-10  -2.4493e-11
  -8.5958e-10   8.8544e-10   7.6512e-11
  -2.4493e-11   7.6512e-11   1.0002e-07
</covariance>
</state>
<state>
<time>3.8</time>
<index>42</index>
<mean>
 0.999257 0.000569922 0.000151896 </mean>
<covariance>   1.0149e-07  -9.2514e-10  -3.1377e-11
  -9.2514e-10   9.4522e-10   8.2989e-11
  -3.1377e-11   8.2989e-11   1.0002e-07
</covariance>
</state>
<state>
<time>3.9</time>
<index>43</index>
<mean>
 0.999252 0.000570972 0.000155967 </mean>
<covariance>   1.0156e-07  -9.9156e-10  -3.8791e-11
  -9.9156e-10   1.0054e-09   8.9905e-11
  -3.8791e-11   8.9905e-11   1.0002e-07
</covariance>
</state>
<state>
<time>4</time>
<index>44</index>
<mean>
 0.999247 0.000572024 0.000160045 </mean>
<covariance>   1.0164e-07  -1.0589e-09  -4.6746e-11
  -1.0589e-09   1.0661e-09   9.7266e-11
  -4.6746e-11   9.7266e-11   1.0002e-07
</covariance>
</state>
<state>
<time>4</time>
<index>45</index>
<measurement> 0.000324886</measurement>
<loglik>7.03848</loglik>
<mean>
 0.999189 0.00063034 0.000165366 </mean>
<covariance>   1.0104e-07  -4.5973e-10   7.9167e-12
  -4.5973e-10   4.6286e-10   4.2230e-11
   7.9167e-12   4.2230e-11   1.0002e-07
</covariance>
</state>
<state>
<time>4.1</time>
<index>46</index>
<mean>
 0.999183 0.000631501 0.000169868 </mean>
<covariance>   1.0112e-07  -5.3355e-10   4.2237e-12
  -5.3355e-10   5.3395e-10   4.5621e-11
   4.2237e-12   4.5621e-11   1.0002e-07
</covariance>
</state>
<state>
<time>4.2</time>
<index>47</index>
<mean>
 0.999178 0.000632665 0.000174379 </mean>
<covariance>   1.0120e-07  -6.0841e-10  -3.1569e-14
  -6.0841e-10   6.0556e-10   4.9526e-11
  -3.1569e-14   4.9526e-11   1.0002e-07
</covariance>
</state>
<state>
<time>4.3</time>
<index>48</index>
<mean>
 0.999172 0.00063383 0.000178898 </mean>
<covariance>   1.0128e-07  -6.8430e-10  -4.8612e-12
  -6.8430e-10   6.7768e-10   5.3950e-11
  -4.8612e-12   5.3950e-11   1.0002e-07
</covariance>
</state>
<state>
<time>4.4</time>
<index>49</index>
<mean>
 0.999166 0.000634998 0.000183425 </mean>
<covariance>   1.0136e-07  -7.6124e-10  -1.0277e-11
  -7.6124e-10   7.5033e-10   5.8899e-11
  -1.0277e-11   5.8899e-11   1.0002e-07
</covariance>
</state>
<state>
<time>4.5</time>
<index>50</index>
<mean>
 0.999161 0.000636168 0.000187961 </mean>
<covariance>   1.0144e-07  -8.3922e-10  -1.6292e-11
  -8.3922e-10   8.2350e-10   6.4377e-11
  -1.6292e-11   6.4377e-11   1.0002e-07
</covariance>
</state>
<state>
<time>4.6</time>
<index>51</index>
<mean>
 0.999155 0.00063734 0.000192505 </mean>
<covariance>   1.0152e-07  -9.1827e-10  -2.2918e-11
  -9.1827e-10   8.9720e-10   7.0388e-11
  -2.2918e-11   7.0388e-11   1.0002e-07
</covariance>
</state>
<state>
<time>4.7</time>
<index>52</index>
<mean>
 0.999149 0.000638514 0.000197057 </mean>
<covariance>   1.0161e-07  -9.9838e-10  -3.0166e-11
  -9.9838e-10   9.7143e-10   7.6938e-11
  -3.0166e-11   7.6938e-11   1.0002e-07
</covariance>
</state>
<state>
<time>4.8</time>
<index>53</index>
<mean>
 0.999143 0.00063969 0.000201618 </mean>
<covariance>   1.0170e-07  -1.0796e-09  -3.8051e-11
  -1.0796e-09   1.0462e-09   8.4031e-11
  -3.8051e-11   8.4031e-11   1.0002e-07
</covariance>
</state>
<state>
<time>4.9</time>
<index>54</index>
<mean>
 0.999138 0.000640868 0.000206187 </mean>
<covariance>   1.0179e-07  -1.1618e-09  -4.6584e-11
  -1.1618e-09   1.1215e-09   9.1672e-11
  -4.6584e-11   9.1672e-11   1.0003e-07
</covariance>
</state>
<state>
<time>5</time>
<index>55</index>
<mean>
 0.999132 0.000642049 0.000210765 </mean>
<covariance>   1.0188e-07  -1.2452e-09  -5.5778e-11
  -1.2452e-09   1.1973e-09   9.9866e-11
  -5.5778e-11   9.9866e-11   1.0003e-07
</covariance>
</state>
<state>
<time>5</time>
<index>56</index>
<measurement> 0.000346857</measurement>
<loglik>8.3838</loglik>
<mean>
 0.999088 0.00068434 0.000214292 </mean>
<covariance>   1.0118e-07  -5.7600e-10   3.7883e-14
  -5.7600e-10   5.5385e-10   4.6195e-11
   3.7883e-14   4.6195e-11   1.0002e-07
</covariance>
</state>
<state>
<time>5.1</time>
<index>57</index>
<mean>
 0.999082 0.0006856 0.00021918 </mean>
<covariance>   1.0128e-07  -6.6318e-10  -4.5269e-12
  -6.6318e-10   6.3766e-10   5.0244e-11
  -4.5269e-12   5.0244e-11   1.0002e-07
</covariance>
</state>
<state>
<time>5.2</time>
<index>58</index>
<mean>
 0.999076 0.000686863 0.000224078 </mean>
<covariance>   1.0137e-07  -7.5159e-10  -9.7562e-12
  -7.5159e-10   7.2207e-10   5.4899e-11
  -9.7562e-12   5.4899e-11   1.0002e-07
</covariance>
</state>
<state>
<time>5.3</time>
<index>59</index>
<mean>
 0.999069 0.000688128 0.000228984 </mean>
<covariance>   1.0146e-07  -8.4121e-10  -1.5664e-11
  -8.4121e-10   8.0709e-10   6.0168e-11
  -1.5664e-11   6.0168e-11   1.0002e-07
</covariance>
</state>
<state>
<time>5.4</time>
<index>60</index>
<mean>
 0.999063 0.000689395 0.000233899 </mean>
<covariance>   1.0156e-07  -9.3206e-10  -2.2265e-11
  -9.3206e-10   8.9273e-10   6.6054e-11
  -2.2265e-11   6.6054e-11   1.0003e-07
</covariance>
</state>
<state>
<time>5.5</time>
<index>61</index>
<mean>
 0.999057 0.000690664 0.000238823 </mean>
<covariance>   1.0166e-07  -1.0242e-09  -2.9573e-11
  -1.0242e-09   9.7899e-10   7.2564e-11
  -2.9573e-11   7.2564e-11   1.0003e-07
</covariance>
</state>
<state>
<time>5.6</time>
<index>62</index>
<mean>
 0.999051 0.000691936 0.000243757 </mean>
<covariance>   1.0176e-07  -1.1175e-09  -3.7603e-11
  -1.1175e-09   1.0659e-09   7.9703e-11
  -3.7603e-11   7.9703e-11   1.0003e-07
</covariance>
</state>
<state>
<time>5.7</time>
<index>63</index>
<mean>
 0.999045 0.00069321 0.000248699 </mean>
<covariance>   1.0186e-07  -1.2121e-09  -4.6369e-11
  -1.2121e-09   1.1534e-09   8.7476e-11
  -4.6369e-11   8.7476e-11   1.0003e-07
</covariance>
</state>
<state>
<time>5.8</time>
<index>64</index>
<mean>
 0.999038 0.000694486 0.00025365 </mean>
<covariance>   1.0197e-07  -1.3080e-09  -5.5887e-11
  -1.3080e-09   1.2415e-09   9.5891e-11
  -5.5887e-11   9.5891e-11   1.0003e-07
</covariance>
</state>
<state>
<time>5.9</time>
<index>65</index>
<mean>
 0.999032 0.000695765 0.000258611 </mean>
<covariance>   1.0207e-07  -1.4051e-09  -6.6170e-11
  -1.4051e-09   1.3303e-09   1.0495e-10
  -6.6170e-11   1.0495e-10   1.0003e-07
</covariance>
</state>
<state>
<time>6</time>
<index>66</index>
<mean>
 0.999026 0.000697046 0.000263581 </mean>
<covariance>   1.0218e-07  -1.5035e-09  -7.7234e-11
  -1.5035e-09   1.4197e-09   1.1466e-10
  -7.7234e-11   1.1466e-10   1.0003e-07
</covariance>
</state>
<state>
<time>6</time>
<index>67</index>
<measurement> 0.000345295</measurement>
<loglik>9.61036</loglik>
<mean>
 0.999014 0.000708067 0.000264471 </mean>
<covariance>   1.0132e-07  -6.9327e-10  -1.1791e-11
  -6.9327e-10   6.5460e-10   5.2871e-11
  -1.1791e-11   5.2871e-11   1.0003e-07
</covariance>
</state>
<state>
<time>6.1</time>
<index>68</index>
<mean>
 0.999008 0.00070937 0.000269529 </mean>
<covariance>   1.0142e-07  -7.8731e-10  -1.7260e-11
  -7.8731e-10   7.4453e-10   5.7652e-11
  -1.7260e-11   5.7652e-11   1.0003e-07
</covariance>
</state>
<state>
<time>6.2</time>
<index>69</index>
<mean>
 0.999001 0.000710676 0.000274595 </mean>
<covariance>   1.0152e-07  -8.8265e-10  -2.3449e-11
  -8.8265e-10   8.3510e-10   6.3086e-11
  -2.3449e-11   6.3086e-11   1.0003e-07
</covariance>
</state>
<state>
<time>6.3</time>
<index>70</index>
<mean>
 0.998995 0.000711984 0.000279672 </mean>
<covariance>   1.0162e-07  -9.7931e-10  -3.0374e-11
  -9.7931e-10   9.2634e-10   6.9178e-11
  -3.0374e-11   6.9178e-11   1.0003e-07
</covariance>
</state>
<state>
<time>6.4</time>
<index>71</index>
<mean>
 0.998989 0.000713295 0.000284757 </mean>
<covariance>   1.0173e-07  -1.0773e-09  -3.8050e-11
  -1.0773e-09   1.0182e-09   7.5934e-11
  -3.8050e-11   7.5934e-11   1.0003e-07
</covariance>
</state>
<state>
<time>6.5</time>
<index>72</index>
<mean>
 0.998982 0.000714608 0.000289852 </mean>
<covariance>   1.0184e-07  -1.1766e-09  -4.6492e-11
  -1.1766e-09   1.1108e-09   8.3360e-11
  -4.6492e-11   8.3360e-11   1.0003e-07
</covariance>
</state>
<state>
<time>6.6</time>
<index>73</index>
<mean>
 0.998976 0.000715923 0.000294957 </mean>
<covariance>   1.0195e-07  -1.2772e-09  -5.5716e-11
  -1.2772e-09   1.2040e-09   9.1462e-11
  -5.5716e-11   9.1462e-11   1.0003e-07
</covariance>
</state>
<state>
<time>6.7</time>
<index>74</index>
<mean>
 0.998969 0.000717241 0.00030007 </mean>
<covariance>   1.0206e-07  -1.3792e-09  -6.5738e-11
  -1.3792e-09   1.2979e-09   1.0025e-10
  -6.5738e-11   1.0025e-10   1.0004e-07
</covariance>
</state>
<state>
<time>6.8</time>
<index>75</index>
<mean>
 0.998963 0.000718561 0.000305194 </mean>
<covariance>   1.0217e-07  -1.4826e-09  -7.6573e-11
  -1.4826e-09   1.3925e-09   1.0972e-10
  -7.6573e-11   1.0972e-10   1.0004e-07
</covariance>
</state>
<state>
<time>6.9</time>
<index>76</index>
<mean>
 0.998957 0.000719884 0.000310326 </mean>
<covariance>   1.0229e-07  -1.5873e-09  -8.8237e-11
  -1.5873e-09   1.4877e-09   1.1988e-10
  -8.8237e-11   1.1988e-10   1.0004e-07
</covariance>
</state>
<state>
<time>7</time>
<index>77</index>
<mean>
 0.99895 0.000721208 0.000315468 </mean>
<covariance>   1.0240e-07  -1.6934e-09  -1.0075e-10
  -1.6934e-09   1.5836e-09   1.3075e-10
  -1.0075e-10   1.3075e-10   1.0004e-07
</covariance>
</state>
<state>
<time>7</time>
<index>78</index>
<measurement> 0.00032525</measurement>
<loglik>9.2877</loglik>
<mean>
 0.998977 0.000696299 0.000313412 </mean>
<covariance>   1.0141e-07  -7.6353e-10  -2.3974e-11
  -7.6353e-10   7.1404e-10   5.8953e-11
  -2.3974e-11   5.8953e-11   1.0003e-07
</covariance>
</state>
<state>
<time>7.1</time>
<index>79</index>
<mean>
 0.99897 0.00069758 0.000318385 </mean>
<covariance>   1.0151e-07  -8.5536e-10  -3.0003e-11
  -8.5536e-10   8.0129e-10   6.4171e-11
  -3.0003e-11   6.4171e-11   1.0004e-07
</covariance>
</state>
<state>
<time>7.2</time>
<index>80</index>
<mean>
 0.998964 0.000698864 0.000323368 </mean>
<covariance>   1.0161e-07  -9.4845e-10  -3.6740e-11
  -9.4845e-10   8.8918e-10   7.0023e-11
  -3.6740e-11   7.0023e-11   1.0004e-07
</covariance>
</state>
<state>
<time>7.3</time>
<index>81</index>
<mean>
 0.998958 0.000700151 0.00032836 </mean>
<covariance>   1.0171e-07  -1.0428e-09  -4.4201e-11
  -1.0428e-09   9.7770e-10   7.6515e-11
  -4.4201e-11   7.6515e-11   1.0004e-07
</covariance>
</state>
<state>
<time>7.4</time>
<index>82</index>
<mean>
 0.998952 0.000701439 0.000333361 </mean>
<covariance>   1.0181e-07  -1.1384e-09  -5.2399e-11
  -1.1384e-09   1.0669e-09   8.3652e-11
  -5.2399e-11   8.3652e-11   1.0004e-07
</covariance>
</state>
<state>
<time>7.5</time>
<index>83</index>
<mean>
 0.998945 0.00070273 0.000338371 </mean>
<covariance>   1.0191e-07  -1.2354e-09  -6.1350e-11
  -1.2354e-09   1.1567e-09   9.1440e-11
  -6.1350e-11   9.1440e-11   1.0004e-07
</covariance>
</state>
<state>
<time>7.6</time>
<index>84</index>
<mean>
 0.998939 0.000704023 0.000343391 </mean>
<covariance>   1.0202e-07  -1.3336e-09  -7.1070e-11
  -1.3336e-09   1.2471e-09   9.9885e-11
  -7.1070e-11   9.9885e-11   1.0004e-07
</covariance>
</state>
<state>
<time>7.7</time>
<index>85</index>
<mean>
 0.998933 0.000705319 0.000348419 </mean>
<covariance>   1.0213e-07  -1.4331e-09  -8.1572e-11
  -1.4331e-09   1.3382e-09   1.0899e-10
  -8.1572e-11   1.0899e-10   1.0004e-07
</covariance>
</state>
<state>
<time>7.8</time>
<index>86</index>
<mean>
 0.998926 0.000706617 0.000353457 </mean>
<covariance>   1.0224e-07  -1.5340e-09  -9.2873e-11
  -1.5340e-09   1.4299e-09   1.1877e-10
  -9.2873e-11   1.1877e-10   1.0004e-07
</covariance>
</state>
<state>
<time>7.9</time>
<index>87</index>
<mean>
 0.99892 0.000707917 0.000358505 </mean>
<covariance>   1.0236e-07  -1.6362e-09  -1.0499e-10
  -1.6362e-09   1.5223e-09   1.2922e-10
  -1.0499e-10   1.2922e-10   1.0005e-07
</covariance>
</state>
<state>
<time>8</time>
<index>88</index>
<mean>
 0.998914 0.00070922 0.000363561 </mean>
<covariance>   1.0247e-07  -1.7397e-09  -1.1793e-10
  -1.7397e-09   1.6154e-09   1.4035e-10
  -1.1793e-10   1.4035e-10   1.0005e-07
</covariance>
</state>
<state>
<time>8</time>
<index>89</index>
<measurement> 0.000361825</measurement>
<loglik>9.3302</loglik>
<mean>
 0.998888 0.000733187 0.000365643 </mean>
<covariance>   1.0142e-07  -7.6148e-10  -3.2943e-11
  -7.6148e-10   7.0707e-10   6.1432e-11
  -3.2943e-11   6.1432e-11   1.0004e-07
</covariance>
</state>
<state>
<time>8.1</time>
<index>90</index>
<mean>
 0.998881 0.000734536 0.00037088 </mean>
<covariance>   1.0152e-07  -8.6239e-10  -3.8979e-11
  -8.6239e-10   8.0348e-10   6.6605e-11
  -3.8979e-11   6.6605e-11   1.0004e-07
</covariance>
</state>
<state>
<time>8.2</time>
<index>91</index>
<mean>
 0.998875 0.000735887 0.000376127 </mean>
<covariance>   1.0163e-07  -9.6470e-10  -4.5788e-11
  -9.6470e-10   9.0060e-10   7.2477e-11
  -4.5788e-11   7.2477e-11   1.0004e-07
</covariance>
</state>
<state>
<time>8.3</time>
<index>92</index>
<mean>
 0.998868 0.000737241 0.000381384 </mean>
<covariance>   1.0174e-07  -1.0684e-09  -5.3388e-11
  -1.0684e-09   9.9841e-10   7.9055e-11
  -5.3388e-11   7.9055e-11   1.0004e-07
</covariance>
</state>
<state>
<time>8.4</time>
<index>93</index>
<mean>
 0.998861 0.000738597 0.00038665 </mean>
<covariance>   1.0186e-07  -1.1735e-09  -6.1793e-11
  -1.1735e-09   1.0969e-09   8.6344e-11
  -6.1793e-11   8.6344e-11   1.0005e-07
</covariance>
</state>
<state>
<time>8.5</time>
<index>94</index>
<mean>
 0.998855 0.000739956 0.000391925 </mean>
<covariance>   1.0197e-07  -1.2801e-09  -7.1021e-11
  -1.2801e-09   1.1962e-09   9.4352e-11
  -7.1021e-11   9.4352e-11   1.0005e-07
</covariance>
</state>
<state>
<time>8.6</time>
<index>95</index>
<mean>
 0.998848 0.000741317 0.000397211 </mean>
<covariance>   1.0209e-07  -1.3881e-09  -8.1088e-11
  -1.3881e-09   1.2961e-09   1.0308e-10
  -8.1088e-11   1.0308e-10   1.0005e-07
</covariance>
</state>
<state>
<time>8.7</time>
<index>96</index>
<mean>
 0.998841 0.000742681 0.000402506 </mean>
<covariance>   1.0221e-07  -1.4975e-09  -9.2011e-11
  -1.4975e-09   1.3968e-09   1.1255e-10
  -9.2011e-11   1.1255e-10   1.0005e-07
</covariance>
</state>
<state>
<time>8.8</time>
<index>97</index>
<mean>
 0.998835 0.000744047 0.000407811 </mean>
<covariance>   1.0233e-07  -1.6084e-09  -1.0381e-10
  -1.6084e-09   1.4981e-09   1.2275e-10
  -1.0381e-10   1.2275e-10   1.0005e-07
</covariance>
</state>
<state>
<time>8.9</time>
<index>98</index>
<mean>
 0.998828 0.000745415 0.000413125 </mean>
<covariance>   1.0245e-07  -1.7207e-09  -1.1649e-10
  -1.7207e-09   1.6002e-09   1.3370e-10
  -1.1649e-10   1.3370e-10   1.0005e-07
</covariance>
</state>
<state>
<time>9</time>
<index>99</index>
<mean>
 0.998821 0.000746786 0.00041845 </mean>
<covariance>   1.0258e-07  -1.8346e-09  -1.3009e-10
  -1.8346e-09   1.7031e-09   1.4539e-10
  -1.3009e-10   1.4539e-10   1.0005e-07
</covariance>
</state>
<state>
<time>9</time>
<index>100</index>
<measurement> 0.000374914</measurement>
<loglik>9.44083</loglik>
<mean>
 0.998802 0.000764523 0.000419964 </mean>
<covariance>   1.0149e-07  -8.2582e-10  -4.3970e-11
  -8.2582e-10   7.6663e-10   6.5447e-11
  -4.3970e-11   6.5447e-11   1.0005e-07
</covariance>
</state>
<state>
<time>9.1</time>
<index>101</index>
<mean>
 0.998795 0.000765929 0.000425425 </mean>
<covariance>   1.0161e-07  -9.3553e-10  -5.0505e-11
  -9.3553e-10   8.7143e-10   7.1053e-11
  -5.0505e-11   7.1053e-11   1.0005e-07
</covariance>
</state>
<state>
<time>9.2</time>
<index>102</index>
<mean>
 0.998789 0.000767337 0.000430896 </mean>
<covariance>   1.0173e-07  -1.0468e-09  -5.7881e-11
  -1.0468e-09   9.7700e-10   7.7419e-11
  -5.7881e-11   7.7419e-11   1.0005e-07
</covariance>
</state>
<state>
<time>9.3</time>
<index>103</index>
<mean>
 0.998782 0.000768748 0.000436377 </mean>
<covariance>   1.0185e-07  -1.1595e-09  -6.6116e-11
  -1.1595e-09   1.0833e-09   8.4553e-11
  -6.6116e-11   8.4553e-11   1.0005e-07
</covariance>
</state>
<state>
<time>9.4</time>
<index>104</index>
<mean>
 0.998775 0.000770162 0.000441868 </mean>
<covariance>   1.0197e-07  -1.2738e-09  -7.5226e-11
  -1.2738e-09   1.1904e-09   9.2460e-11
  -7.5226e-11   9.2460e-11   1.0005e-07
</covariance>
</state>
<state>
<time>9.5</time>
<index>105</index>
<mean>
 0.998768 0.000771578 0.000447369 </mean>
<covariance>   1.0210e-07  -1.3896e-09  -8.5231e-11
  -1.3896e-09   1.2983e-09   1.0115e-10
  -8.5231e-11   1.0115e-10   1.0005e-07
</covariance>
</state>
<state>
<time>9.6</time>
<index>106</index>
<mean>
 0.998761 0.000772997 0.00045288 </mean>
<covariance>   1.0222e-07  -1.5070e-09  -9.6148e-11
  -1.5070e-09   1.4069e-09   1.1062e-10
  -9.6148e-11   1.1062e-10   1.0006e-07
</covariance>
</state>
<state>
<time>9.7</time>
<index>107</index>
<mean>
 0.998754 0.000774418 0.000458401 </mean>
<covariance>   1.0235e-07  -1.6260e-09  -1.0800e-10
  -1.6260e-09   1.5163e-09   1.2089e-10
  -1.0800e-10   1.2089e-10   1.0006e-07
</covariance>
</state>
<state>
<time>9.8</time>
<index>108</index>
<mean>
 0.998747 0.000775842 0.000463933 </mean>
<covariance>   1.0249e-07  -1.7465e-09  -1.2079e-10
  -1.7465e-09   1.6265e-09   1.3197e-10
  -1.2079e-10   1.3197e-10   1.0006e-07
</covariance>
</state>
<state>
<time>9.9</time>
<index>109</index>
<mean>
 0.99874 0.000777268 0.000469475 </mean>
<covariance>   1.0262e-07  -1.8687e-09  -1.3456e-10
  -1.8687e-09   1.7375e-09   1.4385e-10
  -1.3456e-10   1.4385e-10   1.0006e-07
</covariance>
</state>
<state>
<time>10</time>
<index>110</index>
<mean>
 0.998733 0.000778697 0.000475027 </mean>
<covariance>   1.0276e-07  -1.9924e-09  -1.4931e-10
  -1.9924e-09   1.8493e-09   1.5654e-10
  -1.4931e-10   1.5654e-10   1.0006e-07
</covariance>
</state>
<state>
<time>10</time>
<index>111</index>
<measurement> 0.000406298</measurement>
<loglik>8.92873</loglik>
<mean>
 0.998694 0.000814724 0.000478076 </mean>
<covariance>   1.0158e-07  -8.9753e-10  -5.6621e-11
  -8.9753e-10   8.3305e-10   7.0518e-11
  -5.6621e-11   7.0518e-11   1.0006e-07
</covariance>
</state>
<state>
<time>10.1</time>
<index>112</index>
<mean>
 0.998687 0.000816221 0.000483896 </mean>
<covariance>   1.0171e-07  -1.0217e-09  -6.3718e-11
  -1.0217e-09   9.5190e-10   7.6609e-11
  -6.3718e-11   7.6609e-11   1.0006e-07
</covariance>
</state>
<state>
<time>10.2</time>
<index>113</index>
<mean>
 0.99868 0.000817722 0.000489726 </mean>
<covariance>   1.0184e-07  -1.1476e-09  -7.1765e-11
  -1.1476e-09   1.0716e-09   8.3561e-11
  -7.1765e-11   8.3561e-11   1.0006e-07
</covariance>
</state>
<state>
<time>10.3</time>
<index>114</index>
<mean>
 0.998672 0.000819224 0.000495567 </mean>
<covariance>   1.0198e-07  -1.2753e-09  -8.0781e-11
  -1.2753e-09   1.1922e-09   9.1382e-11
  -8.0781e-11   9.1382e-11   1.0006e-07
</covariance>
</state>
<state>
<time>10.4</time>
<index>115</index>
<mean>
 0.998665 0.00082073 0.000501418 </mean>
<covariance>   1.0212e-07  -1.4047e-09  -9.0787e-11
  -1.4047e-09   1.3136e-09   1.0008e-10
  -9.0787e-11   1.0008e-10   1.0006e-07
</covariance>
</state>
<state>
<time>10.5</time>
<index>116</index>
<mean>
 0.998658 0.000822238 0.000507281 </mean>
<covariance>   1.0226e-07  -1.5358e-09  -1.0180e-10
  -1.5358e-09   1.4360e-09   1.0966e-10
  -1.0180e-10   1.0966e-10   1.0006e-07
</covariance>
</state>
<state>
<time>10.6</time>
<index>117</index>
<mean>
 0.99865 0.000823749 0.000513154 </mean>
<covariance>   1.0240e-07  -1.6687e-09  -1.1385e-10
  -1.6687e-09   1.5592e-09   1.2014e-10
  -1.1385e-10   1.2014e-10   1.0006e-07
</covariance>
</state>
<state>
<time>10.7</time>
<index>118</index>
<mean>
 0.998643 0.000825263 0.000519038 </mean>
<covariance>   1.0255e-07  -1.8034e-09  -1.2695e-10
  -1.8034e-09   1.6833e-09   1.3152e-10
  -1.2695e-10   1.3152e-10   1.0007e-07
</covariance>
</state>
<state>
<time>10.8</time>
<index>119</index>
<mean>
 0.998635 0.00082678 0.000524933 </mean>
<covariance>   1.0270e-07  -1.9399e-09  -1.4112e-10
  -1.9399e-09   1.8082e-09   1.4380e-10
  -1.4112e-10   1.4380e-10   1.0007e-07
</covariance>
</state>
<state>
<time>10.9</time>
<index>120</index>
<mean>
 0.998628 0.000828299 0.000530838 </mean>
<covariance>   1.0285e-07  -2.0782e-09  -1.5638e-10
  -2.0782e-09   1.9341e-09   1.5701e-10
  -1.5638e-10   1.5701e-10   1.0007e-07
</covariance>
</state>
<state>
<time>11</time>
<index>121</index>
<mean>
 0.99862 0.000829821 0.000536755 </mean>
<covariance>   1.0301e-07  -2.2183e-09  -1.7276e-10
  -2.2183e-09   2.0609e-09   1.7113e-10
  -1.7276e-10   1.7113e-10   1.0007e-07
</covariance>
</state>
<state>
<time>11</time>
<index>122</index>
<measurement> 0.000430122</measurement>
<loglik>8.96845</loglik>
<mean>
 0.998583 0.000864659 0.000539648 </mean>
<covariance>   1.0171e-07  -1.0097e-09  -7.2386e-11
  -1.0097e-09   9.3798e-10   7.7890e-11
  -7.2386e-11   7.7890e-11   1.0006e-07
</covariance>
</state>
<state>
<time>11.1</time>
<index>123</index>
<mean>
 0.998575 0.000866247 0.000545824 </mean>
<covariance>   1.0185e-07  -1.1496e-09  -8.0357e-11
  -1.1496e-09   1.0718e-09   8.4745e-11
  -8.0357e-11   8.4745e-11   1.0007e-07
</covariance>
</state>
<state>
<time>11.2</time>
<index>124</index>
<mean>
 0.998567 0.000867839 0.000552011 </mean>
<covariance>   1.0200e-07  -1.2914e-09  -8.9397e-11
  -1.2914e-09   1.2066e-09   9.2570e-11
  -8.9397e-11   9.2570e-11   1.0007e-07
</covariance>
</state>
<state>
<time>11.3</time>
<index>125</index>
<mean>
 0.99856 0.000869433 0.00055821 </mean>
<covariance>   1.0216e-07  -1.4352e-09  -9.9529e-11
  -1.4352e-09   1.3424e-09   1.0137e-10
  -9.9529e-11   1.0137e-10   1.0007e-07
</covariance>
</state>
<state>
<time>11.4</time>
<index>126</index>
<mean>
 0.998552 0.00087103 0.00056442 </mean>
<covariance>   1.0231e-07  -1.5809e-09  -1.1078e-10
  -1.5809e-09   1.4792e-09   1.1117e-10
  -1.1078e-10   1.1117e-10   1.0007e-07
</covariance>
</state>
<state>
<time>11.5</time>
<index>127</index>
<mean>
 0.998544 0.00087263 0.000570642 </mean>
<covariance>   1.0247e-07  -1.7286e-09  -1.2316e-10
  -1.7286e-09   1.6169e-09   1.2195e-10
  -1.2316e-10   1.2195e-10   1.0007e-07
</covariance>
</state>
<state>
<time>11.6</time>
<index>128</index>
<mean>
 0.998536 0.000874232 0.000576875 </mean>
<covariance>   1.0263e-07  -1.8784e-09  -1.3671e-10
  -1.8784e-09   1.7556e-09   1.3375e-10
  -1.3671e-10   1.3375e-10   1.0007e-07
</covariance>
</state>
<state>
<time>11.7</time>
<index>129</index>
<mean>
 0.998528 0.000875838 0.000583119 </mean>
<covariance>   1.0280e-07  -2.0301e-09  -1.5143e-10
  -2.0301e-09   1.8953e-09   1.4655e-10
  -1.5143e-10   1.4655e-10   1.0008e-07
</covariance>
</state>
<state>
<time>11.8</time>
<index>130</index>
<mean>
 0.99852 0.000877447 0.000589375 </mean>
<covariance>   1.0297e-07  -2.1838e-09  -1.6737e-10
  -2.1838e-09   2.0361e-09   1.6039e-10
  -1.6737e-10   1.6039e-10   1.0008e-07
</covariance>
</state>
<state>
<time>11.9</time>
<index>131</index>
<mean>
 0.998513 0.000879058 0.000595643 </mean>
<covariance>   1.0314e-07  -2.3396e-09  -1.8454e-10
  -2.3396e-09   2.1778e-09   1.7525e-10
  -1.8454e-10   1.7525e-10   1.0008e-07
</covariance>
</state>
<state>
<time>12</time>
<index>132</index>
<mean>
 0.998505 0.000880672 0.000601922 </mean>
<covariance>   1.0332e-07  -2.4974e-09  -2.0296e-10
  -2.4974e-09   2.3205e-09   1.9115e-10
  -2.0296e-10   1.9115e-10   1.0008e-07
</covariance>
</state>
<state>
<time>12</time>
<index>133</index>
<measurement> 0.000434295</measurement>
<loglik>9.39391</loglik>
<mean>
 0.998492 0.000892527 0.000602898 </mean>
<covariance>   1.0185e-07  -1.1368e-09  -9.0887e-11
  -1.1368e-09   1.0563e-09   8.7015e-11
  -9.0887e-11   8.7015e-11   1.0007e-07
</covariance>
</state>
<state>
<time>12.1</time>
<index>134</index>
<mean>
 0.998484 0.000894165 0.000609274 </mean>
<covariance>   1.0201e-07  -1.2865e-09  -9.9855e-11
  -1.2865e-09   1.1991e-09   9.4733e-11
  -9.9855e-11   9.4733e-11   1.0007e-07
</covariance>
</state>
<state>
<time>12.2</time>
<index>135</index>
<mean>
 0.998476 0.000895807 0.000615661 </mean>
<covariance>   1.0217e-07  -1.4383e-09  -1.0997e-10
  -1.4383e-09   1.3429e-09   1.0349e-10
  -1.0997e-10   1.0349e-10   1.0008e-07
</covariance>
</state>
<state>
<time>12.3</time>
<index>136</index>
<mean>
 0.998468 0.000897452 0.000622059 </mean>
<covariance>   1.0233e-07  -1.5921e-09  -1.2126e-10
  -1.5921e-09   1.4878e-09   1.1329e-10
  -1.2126e-10   1.1329e-10   1.0008e-07
</covariance>
</state>
<state>
<time>12.4</time>
<index>137</index>
<mean>
 0.99846 0.0008991 0.00062847 </mean>
<covariance>   1.0250e-07  -1.7480e-09  -1.3374e-10
  -1.7480e-09   1.6337e-09   1.2414e-10
  -1.3374e-10   1.2414e-10   1.0008e-07
</covariance>
</state>
<state>
<time>12.5</time>
<index>138</index>
<mean>
 0.998452 0.00090075 0.000634892 </mean>
<covariance>   1.0267e-07  -1.9060e-09  -1.4745e-10
  -1.9060e-09   1.7806e-09   1.3606e-10
  -1.4745e-10   1.3606e-10   1.0008e-07
</covariance>
</state>
<state>
<time>12.6</time>
<index>139</index>
<mean>
 0.998444 0.000902404 0.000641326 </mean>
<covariance>   1.0285e-07  -2.0662e-09  -1.6240e-10
  -2.0662e-09   1.9286e-09   1.4905e-10
  -1.6240e-10   1.4905e-10   1.0008e-07
</covariance>
</state>
<state>
<time>12.7</time>
<index>140</index>
<mean>
 0.998436 0.000904061 0.000647771 </mean>
<covariance>   1.0302e-07  -2.2285e-09  -1.7861e-10
  -2.2285e-09   2.0777e-09   1.6312e-10
  -1.7861e-10   1.6312e-10   1.0009e-07
</covariance>
</state>
<state>
<time>12.8</time>
<index>141</index>
<mean>
 0.998427 0.00090572 0.000654229 </mean>
<covariance>   1.0321e-07  -2.3929e-09  -1.9613e-10
  -2.3929e-09   2.2278e-09   1.7829e-10
  -1.9613e-10   1.7829e-10   1.0009e-07
</covariance>
</state>
<state>
<time>12.9</time>
<index>142</index>
<mean>
 0.998419 0.000907383 0.000660698 </mean>
<covariance>   1.0339e-07  -2.5595e-09  -2.1496e-10
  -2.5595e-09   2.3790e-09   1.9455e-10
  -2.1496e-10   1.9455e-10   1.0009e-07
</covariance>
</state>
<state>
<time>13</time>
<index>143</index>
<mean>
 0.998411 0.000909048 0.00066718 </mean>
<covariance>   1.0358e-07  -2.7283e-09  -2.3514e-10
  -2.7283e-09   2.5312e-09   2.1193e-10
  -2.3514e-10   2.1193e-10   1.0009e-07
</covariance>
</state>
<state>
<time>13</time>
<index>144</index>
<measurement> 0.000431369</measurement>
<loglik>9.39381</loglik>
<mean>
 0.998419 0.000902057 0.000666594 </mean>
<covariance>   1.0196e-07  -1.2261e-09  -1.0937e-10
  -1.2261e-09   1.1375e-09   9.5241e-11
  -1.0937e-10   9.5241e-11   1.0008e-07
</covariance>
</state>
<state>
<time>13.1</time>
<index>145</index>
<mean>
 0.998411 0.000903712 0.000673037 </mean>
<covariance>   1.0212e-07  -1.3796e-09  -1.1905e-10
  -1.3796e-09   1.2836e-09   1.0355e-10
  -1.1905e-10   1.0355e-10   1.0009e-07
</covariance>
</state>
<state>
<time>13.2</time>
<index>146</index>
<mean>
 0.998402 0.000905371 0.000679493 </mean>
<covariance>   1.0229e-07  -1.5353e-09  -1.2992e-10
  -1.5353e-09   1.4307e-09   1.1293e-10
  -1.2992e-10   1.1293e-10   1.0009e-07
</covariance>
</state>
<state>
<time>13.3</time>
<index>147</index>
<mean>
 0.998394 0.000907033 0.00068596 </mean>
<covariance>   1.0246e-07  -1.6930e-09  -1.4199e-10
  -1.6930e-09   1.5788e-09   1.2337e-10
  -1.4199e-10   1.2337e-10   1.0009e-07
</covariance>
</state>
<state>
<time>13.4</time>
<index>148</index>
<mean>
 0.998386 0.000908698 0.000692438 </mean>
<covariance>   1.0263e-07  -1.8529e-09  -1.5529e-10
  -1.8529e-09   1.7280e-09   1.3490e-10
  -1.5529e-10   1.3490e-10   1.0009e-07
</covariance>
</state>
<state>
<time>13.5</time>
<index>149</index>
<mean>
 0.998378 0.000910365 0.000698929 </mean>
<covariance>   1.0280e-07  -2.0150e-09  -1.6984e-10
  -2.0150e-09   1.8783e-09   1.4751e-10
  -1.6984e-10   1.4751e-10   1.0009e-07
</covariance>
</state>
<state>
<time>13.6</time>
<index>150</index>
<mean>
 0.99837 0.000912036 0.000705432 </mean>
<covariance>   1.0298e-07  -2.1792e-09  -1.8568e-10
  -2.1792e-09   2.0297e-09   1.6122e-10
  -1.8568e-10   1.6122e-10   1.0009e-07
</covariance>
</state>
<state>
<time>13.7</time>
<index>151</index>
<mean>
 0.998362 0.00091371 0.000711946 </mean>
<covariance>   1.0317e-07  -2.3456e-09  -2.0282e-10
  -2.3456e-09   2.1821e-09   1.7604e-10
  -2.0282e-10   1.7604e-10   1.0010e-07
</covariance>
</state>
<state>
<time>13.8</time>
<index>152</index>
<mean>
 0.998353 0.000915386 0.000718473 </mean>
<covariance>   1.0335e-07  -2.5142e-09  -2.2129e-10
  -2.5142e-09   2.3357e-09   1.9197e-10
  -2.2129e-10   1.9197e-10   1.0010e-07
</covariance>
</state>
<state>
<time>13.9</time>
<index>153</index>
<mean>
 0.998345 0.000917066 0.000725011 </mean>
<covariance>   1.0354e-07  -2.6851e-09  -2.4112e-10
  -2.6851e-09   2.4903e-09   2.0904e-10
  -2.4112e-10   2.0904e-10   1.0010e-07
</covariance>
</state>
<state>
<time>14</time>
<index>154</index>
<mean>
 0.998337 0.000918749 0.000731562 </mean>
<covariance>   1.0373e-07  -2.8582e-09  -2.6234e-10
  -2.8582e-09   2.6460e-09   2.2724e-10
  -2.6234e-10   2.2724e-10   1.0011e-07
</covariance>
</state>
<state>
<time>14</time>
<index>155</index>
<measurement> 0.000500075</measurement>
<loglik>7.87125</loglik>
<mean>
 0.998265 0.000985712 0.000737312 </mean>
<covariance>   1.0202e-07  -1.2681e-09  -1.2578e-10
  -1.2681e-09   1.1740e-09   1.0082e-10
  -1.2578e-10   1.0082e-10   1.0009e-07
</covariance>
</state>
<state>
<time>14.1</time>
<index>156</index>
<mean>
 0.998256 0.00098752 0.000744353 </mean>
<covariance>   1.0221e-07  -1.4494e-09  -1.3582e-10
  -1.4494e-09   1.3476e-09   1.0941e-10
  -1.3582e-10   1.0941e-10   1.0010e-07
</covariance>
</state>
<state>
<time>14.2</time>
<index>157</index>
<mean>
 0.998247 0.000989331 0.000751407 </mean>
<covariance>   1.0240e-07  -1.6333e-09  -1.4724e-10
