<?xml version="1.0"?>
<root>
<parameters> 0.99951 0.142314 0.000257882</parameters>
<dataPoints>365</dataPoints>
<states>
<state>
<time>0</time>
<index>0</index>
<mean>
 0.999 0.001 0 0.155 </mean>
<covariance>   1.0000e-07            0            0            0
            0   1.0000e-07            0            0
            0            0   1.0000e-07            0
            0            0            0   1.0000e-03
</covariance>
</state>
<state>
<time>0</time>
<index>1</index>
<measurement> 0.000266107</measurement>
<loglik>4.50188</loglik>
<mean>
 0.999 0.000284134 0 0.155 </mean>
<covariance>   1.0000e-07            0            0            0
            0   2.4390e-09            0            0
            0            0   1.0000e-07            0
            0            0            0   1.0000e-03
</covariance>
</state>
<state>
<time>0.1</time>
<index>2</index>
<mean>
 0.999738 0.000259709 1.84201e-06 0.142314 </mean>
<covariance>   1.0000e-07  -3.8447e-11  -2.6976e-13  -2.8385e-08
  -3.8447e-11   2.4807e-09   1.7567e-11   2.8385e-08
  -2.6976e-13   1.7567e-11   1.0000e-07            0
  -2.8385e-08   2.8385e-08            0   1.0001e-03
</covariance>
</state>
<state>
<time>0.2</time>
<index>3</index>
<mean>
 0.999735 0.000261549 3.69707e-06 0.142314 </mean>
<covariance>   1.0000e-07  -7.6058e-11  -1.0517e-12  -5.4755e-08
  -7.6058e-11   2.5181e-09   3.5541e-11   5.4553e-08
  -1.0517e-12   3.5541e-11   1.0000e-07   2.0275e-10
  -5.4755e-08   5.4553e-08   2.0275e-10   1.0002e-03
</covariance>
</state>
<state>
<time>0.3</time>
<index>4</index>
<mean>
 0.999731 0.000263402 5.56528e-06 0.142314 </mean>
<covariance>   1.0001e-07  -1.1588e-10  -2.3720e-12  -8.1685e-08
  -1.1588e-10   2.5575e-09   5.3923e-11   8.1092e-08
  -2.3720e-12   5.3923e-11   1.0000e-07   5.9241e-10
  -8.1685e-08   8.1092e-08   5.9241e-10   1.0003e-03
</covariance>
</state>
<state>
<time>0.4</time>
<index>5</index>
<mean>
 0.999727 0.000265268 7.44672e-06 0.142314 </mean>
<covariance>   1.0002e-07  -1.5799e-10  -4.2577e-12  -1.0918e-07
  -1.5799e-10   2.5988e-09   7.2733e-11   1.0801e-07
  -4.2577e-12   7.2733e-11   1.0000e-07   1.1716e-09
  -1.0918e-07   1.0801e-07   1.1716e-09   1.0004e-03
</covariance>
</state>
<state>
<time>0.5</time>
<index>6</index>
<mean>
 0.999724 0.000267147 9.34149e-06 0.142314 </mean>
<covariance>   1.0003e-07  -2.0250e-10  -6.7366e-12  -1.3725e-07
  -2.0250e-10   2.6423e-09   9.1994e-11   1.3530e-07
  -6.7366e-12   9.1994e-11   1.0000e-07   1.9431e-09
  -1.3725e-07   1.3530e-07   1.9431e-09   1.0005e-03
</covariance>
</state>
<state>
<time>0.6</time>
<index>7</index>
<mean>
 0.99972 0.00026904 1.12497e-05 0.142314 </mean>
<covariance>   1.0004e-07  -2.4948e-10  -9.8381e-12  -1.6589e-07
  -2.4948e-10   2.6878e-09   1.1173e-10   1.6298e-07
  -9.8381e-12   1.1173e-10   1.0000e-07   2.9096e-09
  -1.6589e-07   1.6298e-07   2.9096e-09   1.0006e-03
</covariance>
</state>
<state>
<time>0.7</time>
<index>8</index>
<mean>
 0.999716 0.000270946 1.31714e-05 0.142314 </mean>
<covariance>   1.0006e-07  -2.9904e-10  -1.3592e-11  -1.9512e-07
  -2.9904e-10   2.7356e-09   1.3197e-10   1.9105e-07
  -1.3592e-11   1.3197e-10   1.0001e-07   4.0737e-09
  -1.9512e-07   1.9105e-07   4.0737e-09   1.0007e-03
</covariance>
</state>
<state>
<time>0.8</time>
<index>9</index>
<mean>
 0.999712 0.000272865 1.51067e-05 0.142314 </mean>
<covariance>   1.0008e-07  -3.5127e-10  -1.8031e-11  -2.2494e-07
  -3.5127e-10   2.7857e-09   1.5273e-10   2.1951e-07
  -1.8031e-11   1.5273e-10   1.0001e-07   5.4383e-09
  -2.2494e-07   2.1951e-07   5.4383e-09   1.0008e-03
</covariance>
</state>
<state>
<time>0.9</time>
<index>10</index>
<mean>
 0.999708 0.000274798 1.70558e-05 0.142314 </mean>
<covariance>   1.0010e-07  -4.0628e-10  -2.3187e-11  -2.5537e-07
  -4.0628e-10   2.8381e-09   1.7404e-10   2.4836e-07
  -2.3187e-11   1.7404e-10   1.0001e-07   7.0062e-09
  -2.5537e-07   2.4836e-07   7.0062e-09   1.0009e-03
</covariance>
</state>
<state>
<time>1</time>
<index>11</index>
<mean>
 0.999704 0.000276745 1.90186e-05 0.142314 </mean>
<covariance>   1.0013e-07  -4.6417e-10  -2.9095e-11  -2.8640e-07
  -4.6417e-10   2.8929e-09   1.9593e-10   2.7762e-07
  -2.9095e-11   1.9593e-10   1.0001e-07   8.7802e-09
  -2.8640e-07   2.7762e-07   8.7802e-09   1.0010e-03
</covariance>
</state>
<state>
<time>1</time>
<index>12</index>
<measurement> 0.000268494</measurement>
<loglik>8.86932</loglik>
<mean>
 0.999705 0.000269129 1.85028e-05 0.141583 </mean>
<covariance>   1.0006e-07  -2.8814e-11   3.9017e-13  -2.4462e-07
  -2.8814e-11   1.7958e-10   1.2163e-11   1.7234e-08
   3.9017e-13   1.2163e-11   1.0000e-07  -8.8546e-09
  -2.4462e-07   1.7234e-08  -8.8546e-09   9.7601e-04
</covariance>
</state>
<state>
<time>1.1</time>
<index>13</index>
<mean>
 0.999702 0.000271016 2.04251e-05 0.141583 </mean>
<covariance>   1.0007e-07  -3.8956e-11   2.2897e-13  -2.7112e-07
  -3.8956e-11   1.8375e-10   1.3305e-11   4.3613e-08
   2.2897e-13   1.3305e-11   1.0000e-07  -8.7315e-09
  -2.7112e-07   4.3613e-08  -8.7315e-09   9.7611e-04
</covariance>
</state>
<state>
<time>1.2</time>
<index>14</index>
<mean>
 0.999698 0.000272916 2.2361e-05 0.141583 </mean>
<covariance>   1.0009e-07  -5.0733e-11  -2.8050e-14  -2.9818e-07
  -5.0733e-11   1.8943e-10   1.4492e-11   7.0364e-08
  -2.8050e-14   1.4492e-11   1.0000e-07  -8.4200e-09
  -2.9818e-07   7.0364e-08  -8.4200e-09   9.7621e-04
</covariance>
</state>
<state>
<time>1.3</time>
<index>15</index>
<mean>
 0.999694 0.00027483 2.43104e-05 0.141583 </mean>
<covariance>   1.0011e-07  -6.4224e-11  -3.9868e-13  -3.2581e-07
  -6.4224e-11   1.9669e-10   1.5740e-11   9.7491e-08
  -3.9868e-13   1.5740e-11   1.0000e-07  -7.9174e-09
  -3.2581e-07   9.7491e-08  -7.9174e-09   9.7631e-04
</covariance>
</state>
<state>
<time>1.4</time>
<index>16</index>
<mean>
 0.99969 0.000276757 2.62734e-05 0.141583 </mean>
<covariance>   1.0012e-07  -7.9511e-11  -9.0168e-13  -3.5401e-07
  -7.9511e-11   2.0559e-10   1.7067e-11   1.2500e-07
  -9.0168e-13   1.7067e-11   1.0000e-07  -7.2211e-09
  -3.5401e-07   1.2500e-07  -7.2211e-09   9.7641e-04
</covariance>
</state>
<state>
<time>1.5</time>
<index>17</index>
<mean>
 0.999686 0.000278697 2.82503e-05 0.141583 </mean>
<covariance>   1.0015e-07  -9.6680e-11  -1.5569e-12  -3.8280e-07
  -9.6680e-11   2.1619e-10   1.8490e-11   1.5289e-07
  -1.5569e-12   1.8490e-11   1.0000e-07  -6.3282e-09
  -3.8280e-07   1.5289e-07  -6.3282e-09   9.7651e-04
</covariance>
</state>
<state>
<time>1.6</time>
<index>18</index>
<mean>
 0.999682 0.000280651 3.0241e-05 0.141583 </mean>
<covariance>   1.0017e-07  -1.1582e-10  -2.3851e-12  -4.1217e-07
  -1.1582e-10   2.2857e-10   2.0029e-11   1.8116e-07
  -2.3851e-12   2.0029e-11   1.0000e-07  -5.2362e-09
  -4.1217e-07   1.8116e-07  -5.2362e-09   9.7661e-04
</covariance>
</state>
<state>
<time>1.7</time>
<index>19</index>
<mean>
 0.999678 0.000282618 3.22456e-05 0.141583 </mean>
<covariance>   1.0020e-07  -1.3701e-10  -3.4084e-12  -4.4213e-07
  -1.3701e-10   2.4279e-10   2.1703e-11   2.0983e-07
  -3.4084e-12   2.1703e-11   1.0000e-07  -3.9422e-09
  -4.4213e-07   2.0983e-07  -3.9422e-09   9.7671e-04
</covariance>
</state>
<state>
<time>1.8</time>
<index>20</index>
<mean>
 0.999674 0.0002846 3.42643e-05 0.141583 </mean>
<covariance>   1.0023e-07  -1.6035e-10  -4.6497e-12  -4.7269e-07
  -1.6035e-10   2.5893e-10   2.3532e-11   2.3890e-07
  -4.6497e-12   2.3532e-11   1.0000e-07  -2.4434e-09
  -4.7269e-07   2.3890e-07  -2.4434e-09   9.7681e-04
</covariance>
</state>
<state>
<time>1.9</time>
<index>21</index>
<mean>
 0.99967 0.000286595 3.62972e-05 0.141583 </mean>
<covariance>   1.0026e-07  -1.8594e-10  -6.1333e-12  -5.0386e-07
  -1.8594e-10   2.7705e-10   2.5539e-11   2.6836e-07
  -6.1333e-12   2.5539e-11   1.0000e-07  -7.3696e-10
  -5.0386e-07   2.6836e-07  -7.3696e-10   9.7691e-04
</covariance>
</state>
<state>
<time>2</time>
<index>22</index>
<mean>
 0.999666 0.000288604 3.83443e-05 0.141583 </mean>
<covariance>   1.0029e-07  -2.1388e-10  -7.8847e-12  -5.3565e-07
  -2.1388e-10   2.9723e-10   2.7744e-11   2.9823e-07
  -7.8847e-12   2.7744e-11   1.0000e-07   1.1799e-09
  -5.3565e-07   2.9823e-07   1.1799e-09   9.7701e-04
</covariance>
</state>
<state>
<time>2</time>
<index>23</index>
<measurement> 0.000273642</measurement>
<loglik>9.56681</loglik>
<mean>
 0.999672 0.000279885 3.75304e-05 0.132834 </mean>
<covariance>   1.0020e-07  -8.8109e-11   3.8547e-12  -4.0946e-07
  -8.8109e-11   1.2245e-10   1.1430e-11   1.2286e-07
   3.8547e-12   1.1430e-11   1.0000e-07  -1.5189e-08
  -4.0946e-07   1.2286e-07  -1.5189e-08   8.0106e-04
</covariance>
</state>
<state>
<time>2.1</time>
<index>24</index>
<mean>
 0.999669 0.000281602 3.95295e-05 0.132834 </mean>
<covariance>   1.0023e-07  -1.0550e-10   3.4624e-12  -4.3350e-07
  -1.0550e-10   1.3150e-10   1.1979e-11   1.4602e-07
   3.4624e-12   1.1979e-11   1.0000e-07  -1.4312e-08
  -4.3350e-07   1.4602e-07  -1.4312e-08   8.0116e-04
</covariance>
</state>
<state>
<time>2.2</time>
<index>25</index>
<mean>
 0.999665 0.00028333 4.1541e-05 0.132834 </mean>
<covariance>   1.0025e-07  -1.2456e-10   2.9108e-12  -4.5799e-07
  -1.2456e-10   1.4202e-10   1.2624e-11   1.6947e-07
   2.9108e-12   1.2624e-11   1.0000e-07  -1.3269e-08
  -4.5799e-07   1.6947e-07  -1.3269e-08   8.0126e-04
</covariance>
</state>
<state>
<time>2.3</time>
<index>26</index>
<mean>
 0.999661 0.000285069 4.35648e-05 0.132834 </mean>
<covariance>   1.0028e-07  -1.4535e-10   2.1815e-12  -4.8293e-07
  -1.4535e-10   1.5407e-10   1.3381e-11   1.9320e-07
   2.1815e-12   1.3381e-11   1.0000e-07  -1.2058e-08
  -4.8293e-07   1.9320e-07  -1.2058e-08   8.0136e-04
</covariance>
</state>
<state>
<time>2.4</time>
<index>27</index>
<mean>
 0.999657 0.000286818 4.5601e-05 0.132834 </mean>
<covariance>   1.0032e-07  -1.6795e-10   1.2553e-12  -5.0833e-07
  -1.6795e-10   1.6770e-10   1.4266e-11   2.1722e-07
   1.2553e-12   1.4266e-11   1.0000e-07  -1.0678e-08
  -5.0833e-07   2.1722e-07  -1.0678e-08   8.0146e-04
</covariance>
</state>
<state>
<time>2.5</time>
<index>28</index>
<mean>
 0.999654 0.000288578 4.76497e-05 0.132834 </mean>
<covariance>   1.0035e-07  -1.9242e-10   1.1202e-13  -5.3420e-07
  -1.9242e-10   1.8295e-10   1.5297e-11   2.4153e-07
   1.1202e-13   1.5297e-11   1.0000e-07  -9.1267e-09
  -5.3420e-07   2.4153e-07  -9.1267e-09   8.0156e-04
</covariance>
</state>
<state>
<time>2.6</time>
<index>29</index>
<mean>
 0.99965 0.000290348 4.97109e-05 0.132834 </mean>
<covariance>   1.0039e-07  -2.1884e-10  -1.2693e-12  -5.6052e-07
  -2.1884e-10   1.9989e-10   1.6492e-11   2.6614e-07
  -1.2693e-12   1.6492e-11   1.0000e-07  -7.4014e-09
  -5.6052e-07   2.6614e-07  -7.4014e-09   8.0166e-04
</covariance>
</state>
<state>
<time>2.7</time>
<index>30</index>
<mean>
 0.999646 0.00029213 5.17849e-05 0.132834 </mean>
<covariance>   1.0042e-07  -2.4728e-10  -2.9108e-12  -5.8732e-07
  -2.4728e-10   2.1857e-10   1.7870e-11   2.9104e-07
  -2.9108e-12   1.7870e-11   1.0000e-07  -5.5005e-09
  -5.8732e-07   2.9104e-07  -5.5005e-09   8.0176e-04
</covariance>
</state>
<state>
<time>2.8</time>
<index>31</index>
<mean>
 0.999642 0.000293922 5.38715e-05 0.132834 </mean>
<covariance>   1.0046e-07  -2.7783e-10  -4.8351e-12  -6.1460e-07
  -2.7783e-10   2.3904e-10   1.9451e-11   3.1623e-07
  -4.8351e-12   1.9451e-11   1.0000e-07  -3.4216e-09
  -6.1460e-07   3.1623e-07  -3.4216e-09   8.0186e-04
</covariance>
</state>
<state>
<time>2.9</time>
<index>32</index>
<mean>
 0.999638 0.000295726 5.59709e-05 0.132834 </mean>
<covariance>   1.0051e-07  -3.1055e-10  -7.0664e-12  -6.4236e-07
  -3.1055e-10   2.6137e-10   2.1254e-11   3.4173e-07
  -7.0664e-12   2.1254e-11   1.0000e-07  -1.1628e-09
  -6.4236e-07   3.4173e-07  -1.1628e-09   8.0196e-04
</covariance>
</state>
<state>
<time>3</time>
<index>33</index>
<mean>
 0.999634 0.00029754 5.80833e-05 0.132834 </mean>
<covariance>   1.0055e-07  -3.4554e-10  -9.6294e-12  -6.7060e-07
  -3.4554e-10   2.8562e-10   2.3300e-11   3.6753e-07
  -9.6294e-12   2.3300e-11   1.0000e-07   1.2781e-09
  -6.7060e-07   3.6753e-07   1.2781e-09   8.0206e-04
</covariance>
</state>
<state>
<time>3</time>
<index>34</index>
<measurement> 0.000263038</measurement>
<loglik>8.61753</loglik>
<mean>
 0.999658 0.000278174 5.65034e-05 0.107914 </mean>
<covariance>   1.0032e-07  -1.5086e-10   6.2527e-12  -4.2008e-07
  -1.5086e-10   1.2470e-10   1.0173e-11   1.6046e-07
   6.2527e-12   1.0173e-11   1.0000e-07  -1.5615e-08
  -4.2008e-07   1.6046e-07  -1.5615e-08   5.3560e-04
</covariance>
</state>
<state>
<time>3.1</time>
<index>35</index>
<mean>
 0.999655 0.000279188 5.84903e-05 0.107914 </mean>
<covariance>   1.0035e-07  -1.6908e-10   5.4581e-12  -4.3670e-07
  -1.6908e-10   1.3498e-10   1.0701e-11   1.7594e-07
   5.4581e-12   1.0701e-11   1.0000e-07  -1.4468e-08
  -4.3670e-07   1.7594e-07  -1.4468e-08   5.3570e-04
</covariance>
</state>
<state>
<time>3.2</time>
<index>36</index>
<mean>
 0.999652 0.000280206 6.04845e-05 0.107914 </mean>
<covariance>   1.0037e-07  -1.8844e-10   4.4932e-12  -4.5355e-07
  -1.8844e-10   1.4624e-10   1.1339e-11   1.9153e-07
   4.4932e-12   1.1339e-11   1.0000e-07  -1.3212e-08
  -4.5355e-07   1.9153e-07  -1.3212e-08   5.3580e-04
</covariance>
</state>
<state>
<time>3.3</time>
<index>37</index>
<mean>
 0.999649 0.000281227 6.2486e-05 0.107914 </mean>
<covariance>   1.0040e-07  -2.0898e-10   3.3454e-12  -4.7062e-07
  -2.0898e-10   1.5849e-10   1.2097e-11   2.0723e-07
   3.3454e-12   1.2097e-11   1.0000e-07  -1.1844e-08
  -4.7062e-07   2.0723e-07  -1.1844e-08   5.3590e-04
</covariance>
</state>
<state>
<time>3.4</time>
<index>38</index>
<mean>
 0.999646 0.000282252 6.44948e-05 0.107914 </mean>
<covariance>   1.0043e-07  -2.3071e-10   2.0013e-12  -4.8792e-07
  -2.3071e-10   1.7177e-10   1.2986e-11   2.2305e-07
   2.0013e-12   1.2986e-11   1.0000e-07  -1.0363e-08
  -4.8792e-07   2.2305e-07  -1.0363e-08   5.3600e-04
</covariance>
</state>
<state>
<time>3.5</time>
<index>39</index>
<mean>
 0.999643 0.000283281 6.65109e-05 0.107914 </mean>
<covariance>   1.0047e-07  -2.5368e-10   4.4751e-13  -5.0545e-07
  -2.5368e-10   1.8608e-10   1.4017e-11   2.3899e-07
   4.4751e-13   1.4017e-11   1.0000e-07  -8.7702e-09
  -5.0545e-07   2.3899e-07  -8.7702e-09   5.3610e-04
</covariance>
</state>
<state>
<time>3.6</time>
<index>40</index>
<mean>
 0.999639 0.000284313 6.85343e-05 0.107914 </mean>
<covariance>   1.0050e-07  -2.7792e-10  -1.3300e-12  -5.2321e-07
  -2.7792e-10   2.0145e-10   1.5203e-11   2.5504e-07
  -1.3300e-12   1.5203e-11   1.0000e-07  -7.0632e-09
  -5.2321e-07   2.5504e-07  -7.0632e-09   5.3620e-04
</covariance>
</state>
<state>
<time>3.7</time>
<index>41</index>
<mean>
 0.999636 0.000285349 7.05651e-05 0.107914 </mean>
<covariance>   1.0054e-07  -3.0346e-10  -3.3457e-12  -5.4120e-07
  -3.0346e-10   2.1790e-10   1.6553e-11   2.7121e-07
  -3.3457e-12   1.6553e-11   1.0000e-07  -5.2415e-09
  -5.4120e-07   2.7121e-07  -5.2415e-09   5.3630e-04
</covariance>
</state>
<state>
<time>3.8</time>
<index>42</index>
<mean>
 0.999633 0.000286389 7.26033e-05 0.107914 </mean>
<covariance>   1.0057e-07  -3.3034e-10  -5.6144e-12  -5.5942e-07
  -3.3034e-10   2.3546e-10   1.8081e-11   2.8749e-07
  -5.6144e-12   1.8081e-11   1.0000e-07  -3.3043e-09
  -5.5942e-07   2.8749e-07  -3.3043e-09   5.3640e-04
</covariance>
</state>
<state>
<time>3.9</time>
<index>43</index>
<mean>
 0.99963 0.000287433 7.46489e-05 0.107914 </mean>
<covariance>   1.0061e-07  -3.5859e-10  -8.1514e-12  -5.7788e-07
  -3.5859e-10   2.5413e-10   1.9799e-11   3.0389e-07
  -8.1514e-12   1.9799e-11   1.0001e-07  -1.2508e-09
  -5.7788e-07   3.0389e-07  -1.2508e-09   5.3650e-04
</covariance>
</state>
<state>
<time>4</time>
<index>44</index>
<mean>
 0.999627 0.00028848 7.6702e-05 0.107914 </mean>
<covariance>   1.0065e-07  -3.8823e-10  -1.0972e-11  -5.9657e-07
  -3.8823e-10   2.7396e-10   2.1720e-11   3.2041e-07
  -1.0972e-11   2.1720e-11   1.0001e-07   9.1986e-10
  -5.9657e-07   3.2041e-07   9.1986e-10   5.3660e-04
</covariance>
</state>
<state>
<time>4</time>
<index>45</index>
<measurement> 0.000324886</measurement>
<loglik>8.42122</loglik>
<mean>
 0.999598 0.000309262 7.83497e-05 0.13222 </mean>
<covariance>   1.0034e-07  -1.6758e-10   6.5219e-12  -3.3849e-07
  -1.6758e-10   1.1825e-10   9.3750e-12   1.3830e-07
   6.5219e-12   9.3750e-12   1.0000e-07  -1.3518e-08
  -3.3849e-07   1.3830e-07  -1.3518e-08   3.2360e-04
</covariance>
</state>
<state>
<time>4.1</time>
<index>46</index>
<mean>
 0.999594 0.000311141 8.05587e-05 0.13222 </mean>
<covariance>   1.0037e-07  -1.8489e-10   5.5772e-12  -3.5032e-07
  -1.8489e-10   1.2860e-10   9.8944e-12   1.4914e-07
   5.5772e-12   9.8944e-12   1.0000e-07  -1.2530e-08
  -3.5032e-07   1.4914e-07  -1.2530e-08   3.2370e-04
</covariance>
</state>
<state>
<time>4.2</time>
<index>47</index>
<mean>
 0.999589 0.000313031 8.27811e-05 0.13222 </mean>
<covariance>   1.0039e-07  -2.0324e-10   4.4703e-12  -3.6236e-07
  -2.0324e-10   1.3981e-10   1.0522e-11   1.6012e-07
   4.4703e-12   1.0522e-11   1.0000e-07  -1.1465e-08
  -3.6236e-07   1.6012e-07  -1.1465e-08   3.2380e-04
</covariance>
</state>
<state>
<time>4.3</time>
<index>48</index>
<mean>
 0.999585 0.000314932 8.5017e-05 0.13222 </mean>
<covariance>   1.0042e-07  -2.2268e-10   3.1892e-12  -3.7461e-07
  -2.2268e-10   1.5191e-10   1.1268e-11   1.7122e-07
   3.1892e-12   1.1268e-11   1.0000e-07  -1.0321e-08
  -3.7461e-07   1.7122e-07  -1.0321e-08   3.2390e-04
</covariance>
</state>
<state>
<time>4.4</time>
<index>49</index>
<mean>
 0.999581 0.000316845 8.72666e-05 0.13222 </mean>
<covariance>   1.0045e-07  -2.4324e-10   1.7218e-12  -3.8706e-07
  -2.4324e-10   1.6493e-10   1.2141e-11   1.8245e-07
   1.7218e-12   1.2141e-11   1.0001e-07  -9.0983e-09
  -3.8706e-07   1.8245e-07  -9.0983e-09   3.2400e-04
</covariance>
</state>
<state>
<time>4.5</time>
<index>50</index>
<mean>
 0.999577 0.000318769 8.95297e-05 0.13222 </mean>
<covariance>   1.0048e-07  -2.6496e-10   5.5169e-14  -3.9973e-07
  -2.6496e-10   1.7889e-10   1.3154e-11   1.9382e-07
   5.5169e-14   1.3154e-11   1.0001e-07  -7.7951e-09
  -3.9973e-07   1.9382e-07  -7.7951e-09   3.2410e-04
</covariance>
</state>
<state>
<time>4.6</time>
<index>51</index>
<mean>
 0.999573 0.000320705 9.18067e-05 0.13222 </mean>
<covariance>   1.0051e-07  -2.8789e-10  -1.8239e-12  -4.1262e-07
  -2.8789e-10   1.9382e-10   1.4315e-11   2.0532e-07
  -1.8239e-12   1.4315e-11   1.0001e-07  -6.4106e-09
  -4.1262e-07   2.0532e-07  -6.4106e-09   3.2420e-04
</covariance>
</state>
<state>
<time>4.7</time>
<index>52</index>
<mean>
 0.999569 0.000322653 9.40974e-05 0.13222 </mean>
<covariance>   1.0055e-07  -3.1206e-10  -3.9292e-12  -4.2573e-07
  -3.1206e-10   2.0976e-10   1.5636e-11   2.1696e-07
  -3.9292e-12   1.5636e-11   1.0001e-07  -4.9440e-09
  -4.2573e-07   2.1696e-07  -4.9440e-09   3.2430e-04
</covariance>
</state>
<state>
<time>4.8</time>
<index>53</index>
<mean>
 0.999564 0.000324612 9.64021e-05 0.13222 </mean>
<covariance>   1.0058e-07  -3.3751e-10  -6.2751e-12  -4.3905e-07
  -3.3751e-10   2.2673e-10   1.7129e-11   2.2874e-07
  -6.2751e-12   1.7129e-11   1.0001e-07  -3.3943e-09
  -4.3905e-07   2.2874e-07  -3.3943e-09   3.2440e-04
</covariance>
</state>
<state>
<time>4.9</time>
<index>54</index>
<mean>
 0.99956 0.000326584 9.87207e-05 0.13222 </mean>
<covariance>   1.0062e-07  -3.6429e-10  -8.8765e-12  -4.5260e-07
  -3.6429e-10   2.4476e-10   1.8805e-11   2.4065e-07
  -8.8765e-12   1.8805e-11   1.0001e-07  -1.7605e-09
  -4.5260e-07   2.4065e-07  -1.7605e-09   3.2450e-04
</covariance>
</state>
<state>
<time>5</time>
<index>55</index>
<mean>
 0.999556 0.000328567 0.000101053 0.13222 </mean>
<covariance>   1.0066e-07  -3.9245e-10  -1.1749e-11  -4.6637e-07
  -3.9245e-10   2.6389e-10   2.0677e-11   2.5270e-07
  -1.1749e-11   2.0677e-11   1.0001e-07  -4.1527e-11
  -4.6637e-07   2.5270e-07  -4.1527e-11   3.2460e-04
</covariance>
</state>
<state>
<time>5</time>
<index>56</index>
<measurement> 0.000346857</measurement>
<loglik>9.4379</loglik>
<mean>
 0.999542 0.000337693 0.000101769 0.140958 </mean>
<covariance>   1.0037e-07  -1.9843e-10   3.4532e-12  -2.8058e-07
  -1.9843e-10   1.3343e-10   1.0455e-11   1.2777e-07
   3.4532e-12   1.0455e-11   1.0001e-07  -9.8303e-09
  -2.8058e-07   1.2777e-07  -9.8303e-09   2.0497e-04
</covariance>
</state>
<state>
<time>5.1</time>
<index>57</index>
<mean>
 0.999537 0.000340039 0.000104181 0.140958 </mean>
<covariance>   1.0039e-07  -2.1533e-10   2.1761e-12  -2.8929e-07
  -2.1533e-10   1.4421e-10   1.1186e-11   1.3558e-07
   2.1761e-12   1.1186e-11   1.0001e-07  -8.9176e-09
  -2.8929e-07   1.3558e-07  -8.9176e-09   2.0507e-04
</covariance>
</state>
<state>
<time>5.2</time>
<index>58</index>
<mean>
 0.999533 0.000342401 0.000106609 0.140958 </mean>
<covariance>   1.0042e-07  -2.3316e-10   7.3606e-13  -2.9817e-07
  -2.3316e-10   1.5573e-10   1.2031e-11   1.4349e-07
   7.3606e-13   1.2031e-11   1.0001e-07  -7.9492e-09
  -2.9817e-07   1.4349e-07  -7.9492e-09   2.0517e-04
</covariance>
</state>
<state>
<time>5.3</time>
<index>59</index>
<mean>
 0.999528 0.000344779 0.000109055 0.140958 </mean>
<covariance>   1.0044e-07  -2.5197e-10  -8.7760e-13  -3.0721e-07
  -2.5197e-10   1.6803e-10   1.2997e-11   1.5150e-07
  -8.7760e-13   1.2997e-11   1.0001e-07  -6.9243e-09
  -3.0721e-07   1.5150e-07  -6.9243e-09   2.0527e-04
</covariance>
</state>
<state>
<time>5.4</time>
<index>60</index>
<mean>
 0.999523 0.000347174 0.000111518 0.140958 </mean>
<covariance>   1.0047e-07  -2.7177e-10  -2.6760e-12  -3.1642e-07
  -2.7177e-10   1.8113e-10   1.4095e-11   1.5963e-07
  -2.6760e-12   1.4095e-11   1.0001e-07  -5.8421e-09
  -3.1642e-07   1.5963e-07  -5.8421e-09   2.0537e-04
</covariance>
</state>
<state>
<time>5.5</time>
<index>61</index>
<mean>
 0.999518 0.000349586 0.000113998 0.140958 </mean>
<covariance>   1.0050e-07  -2.9262e-10  -4.6709e-12  -3.2579e-07
  -2.9262e-10   1.9505e-10   1.5332e-11   1.6786e-07
  -4.6709e-12   1.5332e-11   1.0001e-07  -4.7019e-09
  -3.2579e-07   1.6786e-07  -4.7019e-09   2.0547e-04
</covariance>
</state>
<state>
<time>5.6</time>
<index>62</index>
<mean>
 0.999513 0.000352014 0.000116495 0.140958 </mean>
<covariance>   1.0053e-07  -3.1455e-10  -6.8743e-12  -3.3534e-07
  -3.1455e-10   2.0983e-10   1.6719e-11   1.7621e-07
  -6.8743e-12   1.6719e-11   1.0001e-07  -3.5029e-09
  -3.3534e-07   1.7621e-07  -3.5029e-09   2.0557e-04
</covariance>
</state>
<state>
<time>5.7</time>
<index>63</index>
<mean>
 0.999508 0.000354459 0.000119009 0.140958 </mean>
<covariance>   1.0056e-07  -3.3759e-10  -9.2987e-12  -3.4505e-07
  -3.3759e-10   2.2549e-10   1.8266e-11   1.8466e-07
  -9.2987e-12   1.8266e-11   1.0001e-07  -2.2443e-09
  -3.4505e-07   1.8466e-07  -2.2443e-09   2.0567e-04
</covariance>
</state>
<state>
<time>5.8</time>
<index>64</index>
<mean>
 0.999503 0.000356922 0.000121541 0.140958 </mean>
<covariance>   1.0060e-07  -3.6179e-10  -1.1957e-11  -3.5494e-07
  -3.6179e-10   2.4207e-10   1.9981e-11   1.9323e-07
  -1.1957e-11   1.9981e-11   1.0001e-07  -9.2530e-10
  -3.5494e-07   1.9323e-07  -9.2530e-10   2.0577e-04
</covariance>
</state>
<state>
<time>5.9</time>
<index>65</index>
<mean>
 0.999498 0.000359401 0.00012409 0.140958 </mean>
<covariance>   1.0063e-07  -3.8720e-10  -1.4864e-11  -3.6500e-07
  -3.8720e-10   2.5958e-10   2.1877e-11   2.0191e-07
  -1.4864e-11   2.1877e-11   1.0001e-07   4.5491e-10
  -3.6500e-07   2.0191e-07   4.5491e-10   2.0587e-04
</covariance>
</state>
<state>
<time>6</time>
<index>66</index>
<mean>
 0.999493 0.000361897 0.000126658 0.140958 </mean>
<covariance>   1.0067e-07  -4.1384e-10  -1.8032e-11  -3.7524e-07
  -4.1384e-10   2.7807e-10   2.3965e-11   2.1071e-07
  -1.8032e-11   2.3965e-11   1.0001e-07   1.8971e-09
  -3.7524e-07   2.1071e-07   1.8971e-09   2.0597e-04
</covariance>
</state>
<state>
<time>6</time>
<index>67</index>
<measurement> 0.000345295</measurement>
<loglik>9.47106</loglik>
<mean>
 0.999504 0.000354351 0.000126007 0.13524 </mean>
<covariance>   1.0039e-07  -2.2378e-10  -1.6525e-12  -2.3123e-07
  -2.2378e-10   1.5037e-10   1.2959e-11   1.1394e-07
  -1.6525e-12   1.2959e-11   1.0001e-07  -6.4423e-09
  -2.3123e-07   1.1394e-07  -6.4423e-09   1.3265e-04
</covariance>
</state>
<state>
<time>6.1</time>
<index>68</index>
<mean>
 0.999499 0.000356609 0.000128538 0.13524 </mean>
<covariance>   1.0041e-07  -2.3925e-10  -3.2413e-12  -2.3746e-07
  -2.3925e-10   1.6058e-10   1.3923e-11   1.1936e-07
  -3.2413e-12   1.3923e-11   1.0001e-07  -5.6284e-09
  -2.3746e-07   1.1936e-07  -5.6284e-09   1.3275e-04
</covariance>
</state>
<state>
<time>6.2</time>
<index>69</index>
<mean>
 0.999495 0.000358882 0.000131085 0.13524 </mean>
<covariance>   1.0043e-07  -2.5544e-10  -4.9837e-12  -2.4381e-07
  -2.5544e-10   1.7136e-10   1.4996e-11   1.2485e-07
  -4.9837e-12   1.4996e-11   1.0001e-07  -4.7758e-09
  -2.4381e-07   1.2485e-07  -4.7758e-09   1.3285e-04
</covariance>
</state>
<state>
<time>6.3</time>
<index>70</index>
<mean>
 0.99949 0.00036117 0.000133649 0.13524 </mean>
<covariance>   1.0045e-07  -2.7240e-10  -6.8882e-12  -2.5026e-07
  -2.7240e-10   1.8273e-10   1.6184e-11   1.3041e-07
  -6.8882e-12   1.6184e-11   1.0001e-07  -3.8840e-09
  -2.5026e-07   1.3041e-07  -3.8840e-09   1.3295e-04
</covariance>
</state>
<state>
<time>6.4</time>
<index>71</index>
<mean>
 0.999485 0.000363472 0.000136229 0.13524 </mean>
<covariance>   1.0048e-07  -2.9013e-10  -8.9636e-12  -2.5682e-07
  -2.9013e-10   1.9472e-10   1.7494e-11   1.3604e-07
  -8.9636e-12   1.7494e-11   1.0001e-07  -2.9525e-09
  -2.5682e-07   1.3604e-07  -2.9525e-09   1.3305e-04
</covariance>
</state>
<state>
<time>6.5</time>
<index>72</index>
<mean>
 0.99948 0.000365789 0.000138825 0.13524 </mean>
<covariance>   1.0050e-07  -3.0868e-10  -1.1219e-11  -2.6349e-07
  -3.0868e-10   2.0733e-10   1.8933e-11   1.4174e-07
  -1.1219e-11   1.8933e-11   1.0001e-07  -1.9808e-09
  -2.6349e-07   1.4174e-07  -1.9808e-09   1.3315e-04
</covariance>
</state>
<state>
<time>6.6</time>
<index>73</index>
<mean>
 0.999475 0.000368121 0.000141438 0.13524 </mean>
<covariance>   1.0053e-07  -3.2807e-10  -1.3665e-11  -2.7027e-07
  -3.2807e-10   2.2058e-10   2.0509e-11   1.4751e-07
  -1.3665e-11   2.0509e-11   1.0001e-07  -9.6830e-10
  -2.7027e-07   1.4751e-07  -9.6830e-10   1.3325e-04
</covariance>
</state>
<state>
<time>6.7</time>
<index>74</index>
<mean>
 0.99947 0.000370467 0.000144067 0.13524 </mean>
<covariance>   1.0056e-07  -3.4832e-10  -1.6310e-11  -2.7717e-07
  -3.4832e-10   2.3451e-10   2.2228e-11   1.5335e-07
  -1.6310e-11   2.2228e-11   1.0001e-07   8.5360e-11
  -2.7717e-07   1.5335e-07   8.5360e-11   1.3335e-04
</covariance>
</state>
<state>
<time>6.8</time>
<index>75</index>
<mean>
 0.999465 0.000372828 0.000146713 0.13524 </mean>
<covariance>   1.0059e-07  -3.6946e-10  -1.9164e-11  -2.8418e-07
  -3.6946e-10   2.4911e-10   2.4099e-11   1.5927e-07
  -1.9164e-11   2.4099e-11   1.0001e-07   1.1807e-09
  -2.8418e-07   1.5927e-07   1.1807e-09   1.3345e-04
</covariance>
</state>
<state>
<time>6.9</time>
<index>76</index>
<mean>
 0.99946 0.000375205 0.000149376 0.13524 </mean>
<covariance>   1.0062e-07  -3.9152e-10  -2.2239e-11  -2.9130e-07
  -3.9152e-10   2.6443e-10   2.6130e-11   1.6525e-07
  -2.2239e-11   2.6130e-11   1.0001e-07   2.3184e-09
  -2.9130e-07   1.6525e-07   2.3184e-09   1.3355e-04
</covariance>
</state>
<state>
<time>7</time>
<index>77</index>
<mean>
 0.999455 0.000377596 0.000152056 0.13524 </mean>
<covariance>   1.0065e-07  -4.1453e-10  -2.5546e-11  -2.9854e-07
  -4.1453e-10   2.8046e-10   2.8328e-11   1.7131e-07
  -2.5546e-11   2.8328e-11   1.0001e-07   3.4988e-09
  -2.9854e-07   1.7131e-07   3.4988e-09   1.3365e-04
</covariance>
</state>
<state>
<time>7</time>
<index>78</index>
<measurement> 0.00032525</measurement>
<loglik>7.53074</loglik>
<mean>
 0.999489 0.000354616 0.000149735 0.121203 </mean>
<covariance>   1.0038e-07  -2.3199e-10  -7.1083e-12  -1.8704e-07
  -2.3199e-10   1.5696e-10   1.5854e-11   9.5876e-08
  -7.1083e-12   1.5854e-11   1.0001e-07  -4.1209e-09
  -1.8704e-07   9.5876e-08  -4.1209e-09   8.7566e-05
</covariance>
</state>
<state>
<time>7.1</time>
<index>79</index>
<mean>
 0.999485 0.000356379 0.000152268 0.121203 </mean>
<covariance>   1.0040e-07  -2.4482e-10  -8.8492e-12  -1.9131e-07
  -2.4482e-10   1.6546e-10   1.6938e-11   9.9455e-08
  -8.8492e-12   1.6938e-11   1.0001e-07  -3.4360e-09
  -1.9131e-07   9.9455e-08  -3.4360e-09   8.7666e-05
</covariance>
</state>
<state>
<time>7.2</time>
<index>80</index>
<mean>
 0.99948 0.00035815 0.000154814 0.121203 </mean>
<covariance>   1.0042e-07  -2.5815e-10  -1.0720e-11  -1.9563e-07
  -2.5815e-10   1.7434e-10   1.8112e-11   1.0307e-07
  -1.0720e-11   1.8112e-11   1.0001e-07  -2.7256e-09
  -1.9563e-07   1.0307e-07  -2.7256e-09   8.7766e-05
</covariance>
</state>
<state>
<time>7.3</time>
<index>81</index>
<mean>
 0.999476 0.000359931 0.000157372 0.121203 </mean>
<covariance>   1.0044e-07  -2.7198e-10  -1.2727e-11  -2.0002e-07
  -2.7198e-10   1.8361e-10   1.9383e-11   1.0672e-07
  -1.2727e-11   1.9383e-11   1.0001e-07  -1.9894e-09
  -2.0002e-07   1.0672e-07  -1.9894e-09   8.7866e-05
</covariance>
</state>
<state>
<time>7.4</time>
<index>82</index>
<mean>
 0.999472 0.00036172 0.000159943 0.121203 </mean>
<covariance>   1.0046e-07  -2.8634e-10  -1.4877e-11  -2.0447e-07
  -2.8634e-10   1.9326e-10   2.0753e-11   1.1042e-07
  -1.4877e-11   2.0753e-11   1.0001e-07  -1.2271e-09
  -2.0447e-07   1.1042e-07  -1.2271e-09   8.7966e-05
</covariance>
</state>
<state>
<time>7.5</time>
<index>83</index>
<mean>
 0.999467 0.000363518 0.000162527 0.121203 </mean>
<covariance>   1.0048e-07  -3.0125e-10  -1.7174e-11  -2.0899e-07
  -3.0125e-10   2.0333e-10   2.2227e-11   1.1414e-07
  -1.7174e-11   2.2227e-11   1.0001e-07  -4.3842e-10
  -2.0899e-07   1.1414e-07  -4.3842e-10   8.8066e-05
</covariance>
</state>
<state>
<time>7.6</time>
<index>84</index>
<mean>
 0.999463 0.000365325 0.000165123 0.121203 </mean>
<covariance>   1.0050e-07  -3.1670e-10  -1.9626e-11  -2.1357e-07
  -3.1670e-10   2.1380e-10   2.3811e-11   1.1791e-07
  -1.9626e-11   2.3811e-11   1.0001e-07   3.7689e-10
  -2.1357e-07   1.1791e-07   3.7689e-10   8.8166e-05
</covariance>
</state>
<state>
<time>7.7</time>
<index>85</index>
<mean>
 0.999458 0.000367141 0.000167733 0.121203 </mean>
<covariance>   1.0052e-07  -3.3273e-10  -2.2240e-11  -2.1822e-07
  -3.3273e-10   2.2470e-10   2.5509e-11   1.2171e-07
  -2.2240e-11   2.5509e-11   1.0001e-07   1.2191e-09
  -2.1822e-07   1.2171e-07   1.2191e-09   8.8266e-05
</covariance>
</state>
<state>
<time>7.8</time>
<index>86</index>
<mean>
 0.999454 0.000368966 0.000170355 0.121203 </mean>
<covariance>   1.0055e-07  -3.4934e-10  -2.5022e-11  -2.2293e-07
  -3.4934e-10   2.3603e-10   2.7325e-11   1.2556e-07
  -2.5022e-11   2.7325e-11   1.0001e-07   2.0885e-09
  -2.2293e-07   1.2556e-07   2.0885e-09   8.8366e-05
</covariance>
</state>
<state>
<time>7.9</time>
<index>87</index>
<mean>
 0.999449 0.0003708 0.000172991 0.121203 </mean>
<covariance>   1.0057e-07  -3.6655e-10  -2.7978e-11  -2.2771e-07
  -3.6655e-10   2.4781e-10   2.9265e-11   1.2944e-07
  -2.7978e-11   2.9265e-11   1.0001e-07   2.9853e-09
  -2.2771e-07   1.2944e-07   2.9853e-09   8.8466e-05
</covariance>
</state>
<state>
<time>8</time>
<index>88</index>
<mean>
 0.999445 0.000372644 0.000175639 0.121203 </mean>
<covariance>   1.0060e-07  -3.8437e-10  -3.1117e-11  -2.3256e-07
  -3.8437e-10   2.6004e-10   3.1334e-11   1.3336e-07
  -3.1117e-11   3.1334e-11   1.0001e-07   3.9099e-09
  -2.3256e-07   1.3336e-07   3.9099e-09   8.8566e-05
</covariance>
</state>
<state>
<time>8</time>
<index>89</index>
<measurement> 0.000361825</measurement>
<loglik>9.59939</loglik>
<mean>
 0.999452 0.000368086 0.00017509 0.118866 </mean>
<covariance>   1.0035e-07  -2.1976e-10  -1.1282e-11  -1.4814e-07
  -2.1976e-10   1.4867e-10   1.7915e-11   7.6247e-08
  -1.1282e-11   1.7915e-11   1.0001e-07  -2.9721e-09
  -1.4814e-07   7.6247e-08  -2.9721e-09   5.9276e-05
</covariance>
</state>
<state>
<time>8.1</time>
<index>90</index>
<mean>
 0.999447 0.00036983 0.000177719 0.118866 </mean>
<covariance>   1.0037e-07  -2.3052e-10  -1.2988e-11  -1.5122e-07
  -2.3052e-10   1.5580e-10   1.8977e-11   7.8788e-08
  -1.2988e-11   1.8977e-11   1.0001e-07  -2.4275e-09
  -1.5122e-07   7.8788e-08  -2.4275e-09   5.9376e-05
</covariance>
</state>
<state>
<time>8.2</time>
<index>91</index>
<mean>
 0.999443 0.000371582 0.000180361 0.118866 </mean>
<covariance>   1.0039e-07  -2.4166e-10  -1.4804e-11  -1.5435e-07
  -2.4166e-10   1.6321e-10   2.0117e-11   8.1355e-08
  -1.4804e-11   2.0117e-11   1.0001e-07  -1.8647e-09
  -1.5435e-07   8.1355e-08  -1.8647e-09   5.9476e-05
</covariance>
</state>
<state>
<time>8.3</time>
<index>92</index>
<mean>
 0.999439 0.000373342 0.000183015 0.118866 </mean>
<covariance>   1.0040e-07  -2.5319e-10  -1.6735e-11  -1.5753e-07
  -2.5319e-10   1.7091e-10   2.1335e-11   8.3949e-08
  -1.6735e-11   2.1335e-11   1.0001e-07  -1.2836e-09
  -1.5753e-07   8.3949e-08  -1.2836e-09   5.9576e-05
</covariance>
</state>
<state>
<time>8.4</time>
<index>93</index>
<mean>
 0.999434 0.000375111 0.000185682 0.118866 </mean>
<covariance>   1.0042e-07  -2.6513e-10  -1.8786e-11  -1.6075e-07
  -2.6513e-10   1.7891e-10   2.2637e-11   8.6569e-08
  -1.8786e-11   2.2637e-11   1.0001e-07  -6.8395e-10
  -1.6075e-07   8.6569e-08  -6.8395e-10   5.9676e-05
</covariance>
</state>
<state>
<time>8.5</time>
<index>94</index>
<mean>
 0.99943 0.000376888 0.000188361 0.118866 </mean>
<covariance>   1.0044e-07  -2.7748e-10  -2.0961e-11  -1.6401e-07
  -2.7748e-10   1.8721e-10   2.4026e-11   8.9216e-08
  -2.0961e-11   2.4026e-11   1.0001e-07  -6.5601e-11
  -1.6401e-07   8.9216e-08  -6.5601e-11   5.9776e-05
</covariance>
</state>
<state>
<time>8.6</time>
<index>95</index>
<mean>
 0.999425 0.000378673 0.000191053 0.118866 </mean>
<covariance>   1.0045e-07  -2.9026e-10  -2.3266e-11  -1.6732e-07
  -2.9026e-10   1.9583e-10   2.5505e-11   9.1889e-08
  -2.3266e-11   2.5505e-11   1.0001e-07   5.7165e-10
  -1.6732e-07   9.1889e-08   5.7165e-10   5.9876e-05
</covariance>
</state>
<state>
<time>8.7</time>
<index>96</index>
<mean>
 0.999421 0.000380467 0.000193758 0.118866 </mean>
<covariance>   1.0047e-07  -3.0347e-10  -2.5705e-11  -1.7068e-07
  -3.0347e-10   2.0476e-10   2.7078e-11   9.4590e-08
  -2.5705e-11   2.7078e-11   1.0001e-07   1.2280e-09
  -1.7068e-07   9.4590e-08   1.2280e-09   5.9976e-05
</covariance>
</state>
<state>
<time>8.8</time>
<index>97</index>
<mean>
 0.999416 0.000382269 0.000196476 0.118866 </mean>
<covariance>   1.0049e-07  -3.1713e-10  -2.8284e-11  -1.7408e-07
  -3.1713e-10   2.1401e-10   2.8748e-11   9.7317e-08
  -2.8284e-11   2.8748e-11   1.0001e-07   1.9036e-09
  -1.7408e-07   9.7317e-08   1.9036e-09   6.0076e-05
</covariance>
</state>
<state>
<time>8.9</time>
<index>98</index>
<mean>
 0.999412 0.00038408 0.000199206 0.118866 </mean>
<covariance>   1.0051e-07  -3.3125e-10  -3.1008e-11  -1.7753e-07
  -3.3125e-10   2.2360e-10   3.0519e-11   1.0007e-07
  -3.1008e-11   3.0519e-11   1.0001e-07   2.5988e-09
  -1.7753e-07   1.0007e-07   2.5988e-09   6.0176e-05
</covariance>
</state>
<state>
<time>9</time>
<index>99</index>
<mean>
 0.999407 0.000385899 0.00020195 0.118866 </mean>
<covariance>   1.0053e-07  -3.4583e-10  -3.3883e-11  -1.8103e-07
  -3.4583e-10   2.3353e-10   3.2395e-11   1.0286e-07
  -3.3883e-11   3.2395e-11   1.0001e-07   3.3136e-09
  -1.8103e-07   1.0286e-07   3.3136e-09   6.0276e-05
</covariance>
</state>
<state>
<time>9</time>
<index>100</index>
<measurement> 0.000374914</measurement>
<loglik>9.59748</loglik>
<mean>
 0.999413 0.000381735 0.000201372 0.117032 </mean>
<covariance>   1.0034e-07  -2.1252e-10  -1.5390e-11  -1.2232e-07
  -2.1252e-10   1.4351e-10   1.9908e-11   6.3208e-08
  -1.5390e-11   1.9908e-11   1.0001e-07  -2.1864e-09
  -1.2232e-07   6.3208e-08  -2.1864e-09   4.2814e-05
</covariance>
</state>
<state>
<time>9.1</time>
<index>101</index>
<mean>
 0.999409 0.000383474 0.000204099 0.117032 </mean>
<covariance>   1.0035e-07  -2.2191e-10  -1.7087e-11  -1.2469e-07
  -2.2191e-10   1.4972e-10   2.0962e-11   6.5128e-08
  -1.7087e-11   2.0962e-11   1.0001e-07  -1.7349e-09
  -1.2469e-07   6.5128e-08  -1.7349e-09   4.2914e-05
</covariance>
</state>
<state>
<time>9.2</time>
<index>102</index>
<mean>
 0.999404 0.00038522 0.000206838 0.117032 </mean>
<covariance>   1.0036e-07  -2.3160e-10  -1.8881e-11  -1.2709e-07
  -2.3160e-10   1.5617e-10   2.2083e-11   6.7069e-08
  -1.8881e-11   2.2083e-11   1.0001e-07  -1.2697e-09
  -1.2709e-07   6.7069e-08  -1.2697e-09   4.3014e-05
</covariance>
</state>
<state>
<time>9.3</time>
<index>103</index>
<mean>
 0.9994 0.000386974 0.000209589 0.117032 </mean>
<covariance>   1.0038e-07  -2.4162e-10  -2.0776e-11  -1.2953e-07
  -2.4162e-10   1.6284e-10   2.3273e-11   6.9030e-08
  -2.0776e-11   2.3273e-11   1.0001e-07  -7.9066e-10
  -1.2953e-07   6.9030e-08  -7.9066e-10   4.3114e-05
</covariance>
</state>
<state>
<time>9.4</time>
<index>104</index>
<mean>
 0.999395 0.000388736 0.000212353 0.117032 </mean>
<covariance>   1.0039e-07  -2.5197e-10  -2.2776e-11  -1.3201e-07
  -2.5197e-10   1.6975e-10   2.4536e-11   7.1011e-08
  -2.2776e-11   2.4536e-11   1.0001e-07  -2.9759e-10
  -1.3201e-07   7.1011e-08  -2.9759e-10   4.3214e-05
</covariance>
</state>
<state>
<time>9.5</time>
<index>105</index>
<mean>
 0.999391 0.000390506 0.00021513 0.117032 </mean>
<covariance>   1.0041e-07  -2.6265e-10  -2.4885e-11  -1.3452e-07
  -2.6265e-10   1.7691e-10   2.5874e-11   7.3013e-08
  -2.4885e-11   2.5874e-11   1.0001e-07   2.0963e-10
  -1.3452e-07   7.3013e-08   2.0963e-10   4.3314e-05
</covariance>
</state>
<state>
<time>9.6</time>
<index>106</index>
<mean>
 0.999386 0.000392284 0.000217919 0.117032 </mean>
<covariance>   1.0042e-07  -2.7367e-10  -2.7107e-11  -1.3706e-07
  -2.7367e-10   1.8431e-10   2.7290e-11   7.5035e-08
  -2.7107e-11   2.7290e-11   1.0001e-07   7.3115e-10
  -1.3706e-07   7.5035e-08   7.3115e-10   4.3414e-05
</covariance>
</state>
<state>
<time>9.7</time>
<index>107</index>
<mean>
 0.999382 0.00039407 0.000220721 0.117032 </mean>
<covariance>   1.0044e-07  -2.8505e-10  -2.9446e-11  -1.3964e-07
  -2.8505e-10   1.9197e-10   2.8786e-11   7.7078e-08
  -2.9446e-11   2.8786e-11   1.0001e-07   1.2671e-09
  -1.3964e-07   7.7078e-08   1.2671e-09   4.3514e-05
</covariance>
</state>
<state>
<time>9.8</time>
<index>108</index>
<mean>
 0.999377 0.000395864 0.000223536 0.117032 </mean>
<covariance>   1.0046e-07  -2.9679e-10  -3.1906e-11  -1.4225e-07
  -2.9679e-10   1.9988e-10   3.0366e-11   7.9142e-08
  -3.1906e-11   3.0366e-11   1.0001e-07   1.8177e-09
  -1.4225e-07   7.9142e-08   1.8177e-09   4.3614e-05
</covariance>
</state>
<state>
<time>9.9</time>
<index>109</index>
<mean>
 0.999372 0.000397667 0.000226364 0.117032 </mean>
<covariance>   1.0048e-07  -3.0890e-10  -3.4492e-11  -1.4490e-07
  -3.0890e-10   2.0806e-10   3.2032e-11   8.1227e-08
  -3.4492e-11   3.2032e-11   1.0002e-07   2.3830e-09
  -1.4490e-07   8.1227e-08   2.3830e-09   4.3714e-05
</covariance>
</state>
<state>
<time>10</time>
<index>110</index>
<mean>
 0.999368 0.000399477 0.000229204 0.117032 </mean>
<covariance>   1.0049e-07  -3.2139e-10  -3.7208e-11  -1.4759e-07
  -3.2139e-10   2.1652e-10   3.3789e-11   8.3333e-08
  -3.7208e-11   3.3789e-11   1.0002e-07   2.9632e-09
  -1.4759e-07   8.3333e-08   2.9632e-09   4.3814e-05
</covariance>
</state>
<state>
<time>10</time>
<index>111</index>
<measurement> 0.000406298</measurement>
<loglik>9.64583</loglik>
<mean>
 0.999364 0.000401947 0.00022959 0.117983 </mean>
<covariance>   1.0033e-07  -2.0833e-10  -1.9564e-11  -1.0407e-07
  -2.0833e-10   1.4035e-10   2.1902e-11   5.4018e-08
  -1.9564e-11   2.1902e-11   1.0001e-07  -1.6118e-09
  -1.0407e-07   5.4018e-08  -1.6118e-09   3.2530e-05
</covariance>
</state>
<state>
<time>10.1</time>
<index>112</index>
<mean>
 0.999359 0.000403815 0.000232461 0.117983 </mean>
<covariance>   1.0034e-07  -2.1692e-10  -2.1273e-11  -1.0602e-07
  -2.1692e-10   1.4607e-10   2.2962e-11   5.5575e-08
  -2.1273e-11   2.2962e-11   1.0001e-07  -1.2259e-09
  -1.0602e-07   5.5575e-08  -1.2259e-09   3.2630e-05
