<?xml version="1.0"?>
<root>
<parameters> 0.226729 0.00481918 0.137355 0.00111125</parameters>
<dataPoints>365</dataPoints>
<states>
<state>
<time>0</time>
<index>0</index>
<mean>
 0.999 0.001 0 0.155 </mean>
<covariance>   1.0000e-07            0            0            0
            0   1.0000e-07            0            0
            0            0   1.0000e-07            0
            0            0            0   1.0000e-07
</covariance>
</state>
<state>
<time>0</time>
<index>1</index>
<measurement> 0.000266107</measurement>
<loglik>8.46462</loglik>
<mean>
 0.999 0.00116944 0 0.155 </mean>
<covariance>   1.0000e-07            0            0            0
            0   2.4390e-09            0            0
            0            0   1.0000e-07            0
            0            0            0   1.0000e-07
</covariance>
</state>
<state>
<time>0.1</time>
<index>2</index>
<mean>
 0.998873 0.00111856 7.93753e-06 0.137355 </mean>
<covariance>   9.9997e-08  -3.6271e-11  -2.6977e-13  -1.1683e-11
  -3.6271e-11   2.4799e-09   1.7567e-11   1.1683e-11
  -2.6977e-13   1.7567e-11   1.0000e-07            0
  -1.1683e-11   1.1683e-11            0   2.4224e-06
</covariance>
</state>
<state>
<time>0.2</time>
<index>3</index>
<mean>
 0.998858 0.00112592 1.59273e-05 0.137355 </mean>
<covariance>   9.9995e-08  -6.9253e-11  -1.0129e-12  -2.8250e-10
  -6.9253e-11   2.5126e-09   3.5512e-11   2.8242e-10
  -1.0129e-12   3.5512e-11   1.0000e-07   8.3448e-14
  -2.8250e-10   2.8242e-10   8.3448e-14   4.7449e-06
</covariance>
</state>
<state>
<time>0.3</time>
<index>4</index>
<mean>
 0.998843 0.00113332 2.39695e-05 0.137355 </mean>
<covariance>   9.9995e-08  -1.0299e-10  -2.2412e-12  -8.2000e-10
  -1.0299e-10   2.5459e-09   5.3812e-11   8.1790e-10
  -2.2412e-12   5.3812e-11   1.0000e-07   2.1007e-12
  -8.2000e-10   8.1790e-10   2.1007e-12   7.0673e-06
</covariance>
</state>
<state>
<time>0.4</time>
<index>5</index>
<mean>
 0.998827 0.00114078 3.20647e-05 0.137355 </mean>
<covariance>   9.9995e-08  -1.3754e-10  -3.9655e-12  -1.6312e-09
  -1.3754e-10   2.5798e-09   7.2471e-11   1.6233e-09
  -3.9655e-12   7.2471e-11   1.0000e-07   7.9429e-12
  -1.6312e-09   1.6233e-09   7.9429e-12   9.3898e-06
</covariance>
</state>
<state>
<time>0.5</time>
<index>6</index>
<mean>
 0.998812 0.00114828 4.02131e-05 0.137355 </mean>
<covariance>   9.9997e-08  -1.7300e-10  -6.1971e-12  -2.7234e-09
  -1.7300e-10   2.6143e-09   9.1498e-11   2.7039e-09
  -6.1971e-12   9.1498e-11   1.0000e-07   1.9538e-11
  -2.7234e-09   2.7039e-09   1.9538e-11   1.1712e-05
</covariance>
</state>
<state>
<time>0.6</time>
<index>7</index>
<mean>
 0.998796 0.00115583 4.84151e-05 0.137355 </mean>
<covariance>   1.0000e-07  -2.0944e-10  -8.9486e-12  -4.1037e-09
  -2.0944e-10   2.6496e-09   1.1090e-10   4.0649e-09
  -8.9486e-12   1.1090e-10   1.0000e-07   3.8851e-11
  -4.1037e-09   4.0649e-09   3.8851e-11   1.4035e-05
</covariance>
</state>
<state>
<time>0.7</time>
<index>8</index>
<mean>
 0.99878 0.00116343 5.66711e-05 0.137355 </mean>
<covariance>   1.0000e-07  -2.4696e-10  -1.2233e-11  -5.7797e-09
  -2.4696e-10   2.6857e-09   1.3069e-10   5.7118e-09
  -1.2233e-11   1.3069e-10   1.0001e-07   6.7886e-11
  -5.7797e-09   5.7118e-09   6.7886e-11   1.6357e-05
</covariance>
</state>
<state>
<time>0.8</time>
<index>9</index>
<mean>
 0.998764 0.00117108 6.49813e-05 0.137355 </mean>
<covariance>   1.0001e-07  -2.8563e-10  -1.6066e-11  -7.7587e-09
  -2.8563e-10   2.7227e-09   1.5087e-10   7.6500e-09
  -1.6066e-11   1.5087e-10   1.0001e-07   1.0868e-10
  -7.7587e-09   7.6500e-09   1.0868e-10   1.8680e-05
</covariance>
</state>
<state>
<time>0.9</time>
<index>10</index>
<mean>
 0.998748 0.00117878 7.33462e-05 0.137355 </mean>
<covariance>   1.0002e-07  -3.2557e-10  -2.0461e-11  -1.0048e-08
  -3.2557e-10   2.7607e-09   1.7146e-10   9.8850e-09
  -2.0461e-11   1.7146e-10   1.0001e-07   1.6333e-10
  -1.0048e-08   9.8850e-09   1.6333e-10   2.1002e-05
</covariance>
</state>
<state>
<time>1</time>
<index>11</index>
<mean>
 0.998732 0.00118653 8.17661e-05 0.137355 </mean>
<covariance>   1.0003e-07  -3.6687e-10  -2.5437e-11  -1.2656e-08
  -3.6687e-10   2.7997e-09   1.9246e-10   1.2422e-08
  -2.5437e-11   1.9246e-10   1.0001e-07   2.3393e-10
  -1.2656e-08   1.2422e-08   2.3393e-10   2.3324e-05
</covariance>
</state>
<state>
<time>1</time>
<index>12</index>
<measurement> 0.000268494</measurement>
<loglik>10.0045</loglik>
<mean>
 0.998732 0.0011855 8.16951e-05 0.13735 </mean>
<covariance>   1.0000e-07  -2.0433e-10  -1.4263e-11  -1.1935e-08
  -2.0433e-10   1.5593e-09   1.0719e-10   6.9188e-09
  -1.4263e-11   1.0719e-10   1.0001e-07  -1.4440e-10
  -1.1935e-08   6.9188e-09  -1.4440e-10   2.3300e-05
</covariance>
</state>
<state>
<time>1.1</time>
<index>13</index>
<mean>
 0.998716 0.0011933 9.0163e-05 0.13735 </mean>
<covariance>   1.0001e-07  -2.2815e-10  -1.7335e-11  -1.4789e-08
  -2.2815e-10   1.5819e-09   1.1910e-10   9.7229e-09
  -1.7335e-11   1.1910e-10   1.0001e-07  -9.4976e-11
  -1.4789e-08   9.7229e-09  -9.4976e-11   2.5623e-05
</covariance>
</state>
<state>
<time>1.2</time>
<index>14</index>
<mean>
 0.998699 0.00120114 9.86865e-05 0.13735 </mean>
<covariance>   1.0002e-07  -2.5316e-10  -2.0750e-11  -1.7975e-08
  -2.5316e-10   1.6054e-09   1.3125e-10   1.2840e-08
  -2.0750e-11   1.3125e-10   1.0001e-07  -2.5527e-11
  -1.7975e-08   1.2840e-08  -2.5527e-11   2.7945e-05
</covariance>
</state>
<state>
<time>1.3</time>
<index>15</index>
<mean>
 0.998683 0.00120904 0.000107266 0.13735 </mean>
<covariance>   1.0003e-07  -2.7947e-10  -2.4523e-11  -2.1503e-08
  -2.7947e-10   1.6301e-09   1.4366e-10   1.6276e-08
  -2.4523e-11   1.4366e-10   1.0001e-07   6.6188e-11
  -2.1503e-08   1.6276e-08   6.6188e-11   3.0267e-05
</covariance>
</state>
<state>
<time>1.4</time>
<index>16</index>
<mean>
 0.998666 0.00121699 0.000115902 0.13735 </mean>
<covariance>   1.0004e-07  -3.0719e-10  -2.8671e-11  -2.5381e-08
  -3.0719e-10   1.6560e-09   1.5635e-10   2.0038e-08
  -2.8671e-11   1.5635e-10   1.0001e-07   1.8245e-10
  -2.5381e-08   2.0038e-08   1.8245e-10   3.2590e-05
</covariance>
</state>
<state>
<time>1.5</time>
<index>17</index>
<mean>
 0.998649 0.00122499 0.000124595 0.13735 </mean>
<covariance>   1.0005e-07  -3.3644e-10  -3.3211e-11  -2.9616e-08
  -3.3644e-10   1.6832e-09   1.6932e-10   2.4130e-08
  -3.3211e-11   1.6932e-10   1.0002e-07   3.2558e-10
  -2.9616e-08   2.4130e-08   3.2558e-10   3.4912e-05
</covariance>
</state>
<state>
<time>1.6</time>
<index>18</index>
<mean>
 0.998633 0.00123304 0.000133345 0.13735 </mean>
<covariance>   1.0006e-07  -3.6736e-10  -3.8162e-11  -3.4218e-08
  -3.6736e-10   1.7119e-09   1.8260e-10   2.8559e-08
  -3.8162e-11   1.8260e-10   1.0002e-07   4.9793e-10
  -3.4218e-08   2.8559e-08   4.9793e-10   3.7235e-05
</covariance>
</state>
<state>
<time>1.7</time>
<index>19</index>
<mean>
 0.998616 0.00124115 0.000142152 0.13735 </mean>
<covariance>   1.0008e-07  -4.0008e-10  -4.3544e-11  -3.9194e-08
  -4.0008e-10   1.7421e-09   1.9619e-10   3.3331e-08
  -4.3544e-11   1.9619e-10   1.0002e-07   7.0192e-10
  -3.9194e-08   3.3331e-08   7.0192e-10   3.9557e-05
</covariance>
</state>
<state>
<time>1.8</time>
<index>20</index>
<mean>
 0.998599 0.0012493 0.000151018 0.13735 </mean>
<covariance>   1.0010e-07  -4.3473e-10  -4.9379e-11  -4.4553e-08
  -4.3473e-10   1.7740e-09   2.1012e-10   3.8452e-08
  -4.9379e-11   2.1012e-10   1.0003e-07   9.4000e-10
  -4.4553e-08   3.8452e-08   9.4000e-10   4.1880e-05
</covariance>
</state>
<state>
<time>1.9</time>
<index>21</index>
<mean>
 0.998582 0.00125751 0.000159941 0.13735 </mean>
<covariance>   1.0012e-07  -4.7145e-10  -5.5691e-11  -5.0304e-08
  -4.7145e-10   1.8077e-09   2.2441e-10   4.3929e-08
  -5.5691e-11   2.2441e-10   1.0003e-07   1.2147e-09
  -5.0304e-08   4.3929e-08   1.2147e-09   4.4202e-05
</covariance>
</state>
<state>
<time>2</time>
<index>22</index>
<mean>
 0.998564 0.00126578 0.000168923 0.13735 </mean>
<covariance>   1.0014e-07  -5.1041e-10  -6.2505e-11  -5.6457e-08
  -5.1041e-10   1.8433e-09   2.3907e-10   4.9767e-08
  -6.2505e-11   2.3907e-10   1.0003e-07   1.5284e-09
  -5.6457e-08   4.9767e-08   1.5284e-09   4.6525e-05
</covariance>
</state>
<state>
<time>2</time>
<index>23</index>
<measurement> 0.000273642</measurement>
<loglik>9.74731</loglik>
<mean>
 0.998569 0.00124723 0.000166517 0.136849 </mean>
<covariance>   1.0010e-07  -3.4955e-10  -4.1641e-11  -5.2113e-08
  -3.4955e-10   1.2624e-09   1.6373e-10   3.4083e-08
  -4.1641e-11   1.6373e-10   1.0002e-07  -5.0583e-10
  -5.2113e-08   3.4083e-08  -5.0583e-10   4.6101e-05
</covariance>
</state>
<state>
<time>2.1</time>
<index>24</index>
<mean>
 0.998552 0.00125536 0.000175426 0.136849 </mean>
<covariance>   1.0012e-07  -3.7902e-10  -4.6465e-11  -5.8320e-08
  -3.7902e-10   1.2881e-09   1.7384e-10   4.0046e-08
  -4.6465e-11   1.7384e-10   1.0002e-07  -2.6238e-10
  -5.8320e-08   4.0046e-08  -2.6238e-10   4.8424e-05
</covariance>
</state>
<state>
<time>2.2</time>
<index>25</index>
<mean>
 0.998535 0.00126355 0.000184393 0.136849 </mean>
<covariance>   1.0014e-07  -4.1067e-10  -5.1676e-11  -6.4936e-08
  -4.1067e-10   1.3158e-09   1.8423e-10   4.6376e-08
  -5.1676e-11   1.8423e-10   1.0003e-07   2.3662e-11
  -6.4936e-08   4.6376e-08   2.3662e-11   5.0746e-05
</covariance>
</state>
<state>
<time>2.3</time>
<index>26</index>
<mean>
 0.998518 0.00127179 0.000193418 0.136849 </mean>
<covariance>   1.0016e-07  -4.4468e-10  -5.7299e-11  -7.1971e-08
  -4.4468e-10   1.3456e-09   1.9494e-10   5.3080e-08
  -5.7299e-11   1.9494e-10   1.0003e-07   3.5492e-10
  -7.1971e-08   5.3080e-08   3.5492e-10   5.3068e-05
</covariance>
</state>
<state>
<time>2.4</time>
<index>27</index>
<mean>
 0.998501 0.00128009 0.000202502 0.136849 </mean>
<covariance>   1.0019e-07  -4.8121e-10  -6.3362e-11  -7.9435e-08
  -4.8121e-10   1.3777e-09   2.0598e-10   6.0164e-08
  -6.3362e-11   2.0598e-10   1.0003e-07   7.3406e-10
  -7.9435e-08   6.0164e-08   7.3406e-10   5.5391e-05
</covariance>
</state>
<state>
<time>2.5</time>
<index>28</index>
<mean>
 0.998483 0.00128843 0.000211646 0.136849 </mean>
<covariance>   1.0022e-07  -5.2043e-10  -6.9896e-11  -8.7335e-08
  -5.2043e-10   1.4120e-09   2.1737e-10   6.7635e-08
  -6.9896e-11   2.1737e-10   1.0004e-07   1.1638e-09
  -8.7335e-08   6.7635e-08   1.1638e-09   5.7713e-05
</covariance>
</state>
<state>
<time>2.6</time>
<index>29</index>
<mean>
 0.998466 0.00129684 0.000220849 0.136849 </mean>
<covariance>   1.0026e-07  -5.6254e-10  -7.6932e-11  -9.5683e-08
  -5.6254e-10   1.4490e-09   2.2915e-10   7.5499e-08
  -7.6932e-11   2.2915e-10   1.0004e-07   1.6469e-09
  -9.5683e-08   7.5499e-08   1.6469e-09   6.0036e-05
</covariance>
</state>
<state>
<time>2.7</time>
<index>30</index>
<mean>
 0.998448 0.00130529 0.000230112 0.136849 </mean>
<covariance>   1.0030e-07  -6.0771e-10  -8.4505e-11  -1.0449e-07
  -6.0771e-10   1.4886e-09   2.4135e-10   8.3764e-08
  -8.4505e-11   2.4135e-10   1.0004e-07   2.1862e-09
  -1.0449e-07   8.3764e-08   2.1862e-09   6.2358e-05
</covariance>
</state>
<state>
<time>2.8</time>
<index>31</index>
<mean>
 0.99843 0.0013138 0.000239435 0.136849 </mean>
<covariance>   1.0034e-07  -6.5616e-10  -9.2650e-11  -1.1376e-07
  -6.5616e-10   1.5311e-09   2.5398e-10   9.2435e-08
  -9.2650e-11   2.5398e-10   1.0005e-07   2.7845e-09
  -1.1376e-07   9.2435e-08   2.7845e-09   6.4681e-05
</covariance>
</state>
<state>
<time>2.9</time>
<index>32</index>
<mean>
 0.998412 0.00132237 0.00024882 0.136849 </mean>
<covariance>   1.0038e-07  -7.0808e-10  -1.0141e-10  -1.2350e-07
  -7.0808e-10   1.5766e-09   2.6710e-10   1.0152e-07
  -1.0141e-10   2.6710e-10   1.0005e-07   3.4448e-09
  -1.2350e-07   1.0152e-07   3.4448e-09   6.7003e-05
</covariance>
</state>
<state>
<time>3</time>
<index>33</index>
<mean>
 0.998394 0.00133099 0.000258265 0.136849 </mean>
<covariance>   1.0044e-07  -7.6370e-10  -1.1082e-10  -1.3373e-07
  -7.6370e-10   1.6254e-09   2.8072e-10   1.1103e-07
  -1.1082e-10   2.8072e-10   1.0005e-07   4.1699e-09
  -1.3373e-07   1.1103e-07   4.1699e-09   6.9326e-05
</covariance>
</state>
<state>
<time>3</time>
<index>34</index>
<measurement> 0.000263038</measurement>
<loglik>7.61565</loglik>
<mean>
 0.998416 0.00128513 0.000250343 0.133716 </mean>
<covariance>   1.0034e-07  -5.5867e-10  -7.5405e-11  -1.1973e-07
  -5.5867e-10   1.1890e-09   2.0536e-10   8.1219e-08
  -7.5405e-11   2.0536e-10   1.0004e-07  -9.7815e-10
  -1.1973e-07   8.1219e-08  -9.7815e-10   6.7289e-05
</covariance>
</state>
<state>
<time>3.1</time>
<index>35</index>
<mean>
 0.998398 0.0012931 0.000259523 0.133716 </mean>
<covariance>   1.0038e-07  -6.0347e-10  -8.2198e-11  -1.2944e-07
  -6.0347e-10   1.2259e-09   2.1513e-10   9.0355e-08
  -8.2198e-11   2.1513e-10   1.0004e-07  -3.9802e-10
  -1.2944e-07   9.0355e-08  -3.9802e-10   6.9612e-05
</covariance>
</state>
<state>
<time>3.2</time>
<index>36</index>
<mean>
 0.998381 0.00130113 0.000268759 0.133716 </mean>
<covariance>   1.0043e-07  -6.5170e-10  -8.9528e-11  -1.3963e-07
  -6.5170e-10   1.2658e-09   2.2530e-10   9.9901e-08
  -8.9528e-11   2.2530e-10   1.0005e-07   2.4738e-10
  -1.3963e-07   9.9901e-08   2.4738e-10   7.1934e-05
</covariance>
</state>
<state>
<time>3.3</time>
<index>37</index>
<mean>
 0.998364 0.00130921 0.000278053 0.133716 </mean>
<covariance>   1.0048e-07  -7.0357e-10  -9.7434e-11  -1.5031e-07
  -7.0357e-10   1.3088e-09   2.3592e-10   1.0986e-07
  -9.7434e-11   2.3592e-10   1.0005e-07   9.6095e-10
  -1.5031e-07   1.0986e-07   9.6095e-10   7.4257e-05
</covariance>
</state>
<state>
<time>3.4</time>
<index>38</index>
<mean>
 0.998346 0.00131733 0.000287404 0.133716 </mean>
<covariance>   1.0054e-07  -7.5930e-10  -1.0596e-10  -1.6148e-07
  -7.5930e-10   1.3553e-09   2.4702e-10   1.2025e-07
  -1.0596e-10   2.4702e-10   1.0005e-07   1.7457e-09
  -1.6148e-07   1.2025e-07   1.7457e-09   7.6579e-05
</covariance>
</state>
<state>
<time>3.5</time>
<index>39</index>
<mean>
 0.998329 0.00132551 0.000296814 0.133716 </mean>
<covariance>   1.0060e-07  -8.1912e-10  -1.1515e-10  -1.7315e-07
  -8.1912e-10   1.4053e-09   2.5863e-10   1.3106e-07
  -1.1515e-10   2.5863e-10   1.0006e-07   2.6046e-09
  -1.7315e-07   1.3106e-07   2.6046e-09   7.8902e-05
</covariance>
</state>
<state>
<time>3.6</time>
<index>40</index>
<mean>
 0.998311 0.00133373 0.000306282 0.133716 </mean>
<covariance>   1.0067e-07  -8.8326e-10  -1.2506e-10  -1.8534e-07
  -8.8326e-10   1.4590e-09   2.7080e-10   1.4231e-07
  -1.2506e-10   2.7080e-10   1.0006e-07   3.5408e-09
  -1.8534e-07   1.4231e-07   3.5408e-09   8.1224e-05
</covariance>
</state>
<state>
<time>3.7</time>
<index>41</index>
<mean>
 0.998293 0.00134201 0.000315809 0.133716 </mean>
<covariance>   1.0074e-07  -9.5196e-10  -1.3572e-10  -1.9805e-07
  -9.5196e-10   1.5167e-09   2.8358e-10   1.5401e-07
  -1.3572e-10   2.8358e-10   1.0006e-07   4.5573e-09
  -1.9805e-07   1.5401e-07   4.5573e-09   8.3547e-05
</covariance>
</state>
<state>
<time>3.8</time>
<index>42</index>
<mean>
 0.998275 0.00135034 0.000325394 0.133716 </mean>
<covariance>   1.0081e-07  -1.0255e-09  -1.4721e-10  -2.1130e-07
  -1.0255e-09   1.5786e-09   2.9699e-10   1.6615e-07
  -1.4721e-10   2.9699e-10   1.0007e-07   5.6574e-09
  -2.1130e-07   1.6615e-07   5.6574e-09   8.5869e-05
</covariance>
</state>
<state>
<time>3.9</time>
<index>43</index>
<mean>
 0.998257 0.00135872 0.00033504 0.133716 </mean>
<covariance>   1.0090e-07  -1.1041e-09  -1.5957e-10  -2.2509e-07
  -1.1041e-09   1.6448e-09   3.1110e-10   1.7876e-07
  -1.5957e-10   3.1110e-10   1.0007e-07   6.8442e-09
  -2.2509e-07   1.7876e-07   6.8442e-09   8.8192e-05
</covariance>
</state>
<state>
<time>4</time>
<index>44</index>
<mean>
 0.998239 0.00136715 0.000344745 0.133716 </mean>
<covariance>   1.0099e-07  -1.1881e-09  -1.7286e-10  -2.3943e-07
  -1.1881e-09   1.7157e-09   3.2595e-10   1.9182e-07
  -1.7286e-10   3.2595e-10   1.0008e-07   8.1210e-09
  -2.3943e-07   1.9182e-07   8.1210e-09   9.0514e-05
</covariance>
</state>
<state>
<time>4</time>
<index>45</index>
<measurement> 0.000324886</measurement>
<loglik>9.66085</loglik>
<mean>
 0.998227 0.00138482 0.000348101 0.135691 </mean>
<covariance>   1.0077e-07  -8.6899e-10  -1.1225e-10  -2.0376e-07
  -8.6899e-10   1.2549e-09   2.3841e-10   1.4031e-07
  -1.1225e-10   2.3841e-10   1.0006e-07  -1.6662e-09
  -2.0376e-07   1.4031e-07  -1.6662e-09   8.4754e-05
</covariance>
</state>
<state>
<time>4.1</time>
<index>46</index>
<mean>
 0.998208 0.00139368 0.000357992 0.135691 </mean>
<covariance>   1.0084e-07  -9.3932e-10  -1.2171e-10  -2.1737e-07
  -9.3932e-10   1.3117e-09   2.4887e-10   1.5292e-07
  -1.2171e-10   2.4887e-10   1.0006e-07  -6.6399e-10
  -2.1737e-07   1.5292e-07  -6.6399e-10   8.7077e-05
</covariance>
</state>
<state>
<time>4.2</time>
<index>47</index>
<mean>
 0.998189 0.0014026 0.000367947 0.135691 </mean>
<covariance>   1.0093e-07  -1.0149e-09  -1.3197e-10  -2.3155e-07
  -1.0149e-09   1.3730e-09   2.5995e-10   1.6601e-07
  -1.3197e-10   2.5995e-10   1.0007e-07   4.2828e-10
  -2.3155e-07   1.6601e-07   4.2828e-10   8.9399e-05
</covariance>
</state>
<state>
<time>4.3</time>
<index>48</index>
<mean>
 0.99817 0.00141158 0.000377966 0.135691 </mean>
<covariance>   1.0102e-07  -1.0961e-09  -1.4310e-10  -2.4631e-07
  -1.0961e-09   1.4391e-09   2.7170e-10   1.7958e-07
  -1.4310e-10   2.7170e-10   1.0007e-07   1.6140e-09
  -2.4631e-07   1.7958e-07   1.6140e-09   9.1721e-05
</covariance>
</state>
<state>
<time>4.4</time>
<index>49</index>
<mean>
 0.998151 0.00142062 0.000388048 0.135691 </mean>
<covariance>   1.0112e-07  -1.1831e-09  -1.5515e-10  -2.6166e-07
  -1.1831e-09   1.5103e-09   2.8419e-10   1.9365e-07
  -1.5515e-10   2.8419e-10   1.0008e-07   2.8968e-09
  -2.6166e-07   1.9365e-07   2.8968e-09   9.4044e-05
</covariance>
</state>
<state>
<time>4.5</time>
<index>50</index>
<mean>
 0.998132 0.00142971 0.000398196 0.135691 </mean>
<covariance>   1.0122e-07  -1.2763e-09  -1.6820e-10  -2.7762e-07
  -1.2763e-09   1.5868e-09   2.9747e-10   2.0822e-07
  -1.6820e-10   2.9747e-10   1.0008e-07   4.2800e-09
  -2.7762e-07   2.0822e-07   4.2800e-09   9.6366e-05
</covariance>
</state>
<state>
<time>4.6</time>
<index>51</index>
<mean>
 0.998112 0.00143886 0.000408408 0.135691 </mean>
<covariance>   1.0134e-07  -1.3759e-09  -1.8232e-10  -2.9418e-07
  -1.3759e-09   1.6689e-09   3.1160e-10   2.2330e-07
  -1.8232e-10   3.1160e-10   1.0008e-07   5.7673e-09
  -2.9418e-07   2.2330e-07   5.7673e-09   9.8689e-05
</covariance>
</state>
<state>
<time>4.7</time>
<index>52</index>
<mean>
 0.998093 0.00144807 0.000418686 0.135691 </mean>
<covariance>   1.0146e-07  -1.4825e-09  -1.9758e-10  -3.1137e-07
  -1.4825e-09   1.7569e-09   3.2665e-10   2.3890e-07
  -1.9758e-10   3.2665e-10   1.0009e-07   7.3622e-09
  -3.1137e-07   2.3890e-07   7.3622e-09   1.0101e-04
</covariance>
</state>
<state>
<time>4.8</time>
<index>53</index>
<mean>
 0.998073 0.00145734 0.000429029 0.135691 </mean>
<covariance>   1.0159e-07  -1.5962e-09  -2.1407e-10  -3.2920e-07
  -1.5962e-09   1.8510e-09   3.4267e-10   2.5502e-07
  -2.1407e-10   3.4267e-10   1.0009e-07   9.0686e-09
  -3.2920e-07   2.5502e-07   9.0686e-09   1.0333e-04
</covariance>
</state>
<state>
<time>4.9</time>
<index>54</index>
<mean>
 0.998054 0.00146667 0.000439439 0.135691 </mean>
<covariance>   1.0173e-07  -1.7175e-09  -2.3187e-10  -3.4768e-07
  -1.7175e-09   1.9515e-09   3.5975e-10   2.7167e-07
  -2.3187e-10   3.5975e-10   1.0010e-07   1.0890e-08
  -3.4768e-07   2.7167e-07   1.0890e-08   1.0566e-04
</covariance>
</state>
<state>
<time>5</time>
<index>55</index>
<mean>
 0.998034 0.00147606 0.000449915 0.135691 </mean>
<covariance>   1.0187e-07  -1.8468e-09  -2.5108e-10  -3.6682e-07
  -1.8468e-09   2.0588e-09   3.7796e-10   2.8887e-07
  -2.5108e-10   3.7796e-10   1.0010e-07   1.2831e-08
  -3.6682e-07   2.8887e-07   1.2831e-08   1.0798e-04
</covariance>
</state>
<state>
<time>5</time>
<index>56</index>
<measurement> 0.000346857</measurement>
<loglik>9.72624</loglik>
<mean>
 0.998021 0.00149081 0.000452623 0.137761 </mean>
<covariance>   1.0142e-07  -1.3402e-09  -1.5808e-10  -2.9574e-07
  -1.3402e-09   1.4941e-09   2.7428e-10   2.0963e-07
  -1.5808e-10   2.7428e-10   1.0008e-07  -1.7158e-09
  -2.9574e-07   2.0963e-07  -1.7158e-09   9.6861e-05
</covariance>
</state>
<state>
<time>5.1</time>
<index>57</index>
<mean>
 0.998 0.00150065 0.000463271 0.137761 </mean>
<covariance>   1.0154e-07  -1.4456e-09  -1.7153e-10  -3.1303e-07
  -1.4456e-09   1.5788e-09   2.8680e-10   2.2542e-07
  -1.7153e-10   2.8680e-10   1.0009e-07  -2.1837e-10
  -3.1303e-07   2.2542e-07  -2.1837e-10   9.9183e-05
</covariance>
</state>
<state>
<time>5.2</time>
<index>58</index>
<mean>
 0.997979 0.00151057 0.00047399 0.137761 </mean>
<covariance>   1.0168e-07  -1.5584e-09  -1.8616e-10  -3.3098e-07
  -1.5584e-09   1.6698e-09   3.0025e-10   2.4176e-07
  -1.8616e-10   3.0025e-10   1.0009e-07   1.3918e-09
  -3.3098e-07   2.4176e-07   1.3918e-09   1.0151e-04
</covariance>
</state>
<state>
<time>5.3</time>
<index>59</index>
<mean>
 0.997959 0.00152054 0.00048478 0.137761 </mean>
<covariance>   1.0182e-07  -1.6791e-09  -2.0205e-10  -3.4960e-07
  -1.6791e-09   1.7676e-09   3.1471e-10   2.5865e-07
  -2.0205e-10   3.1471e-10   1.0010e-07   3.1187e-09
  -3.4960e-07   2.5865e-07   3.1187e-09   1.0383e-04
</covariance>
</state>
<state>
<time>5.4</time>
<index>60</index>
<mean>
 0.997938 0.00153059 0.000495641 0.137761 </mean>
<covariance>   1.0197e-07  -1.8079e-09  -2.1930e-10  -3.6890e-07
  -1.8079e-09   1.8723e-09   3.3024e-10   2.7611e-07
  -2.1930e-10   3.3024e-10   1.0010e-07   4.9662e-09
  -3.6890e-07   2.7611e-07   4.9662e-09   1.0615e-04
</covariance>
</state>
<state>
<time>5.5</time>
<index>61</index>
<mean>
 0.997917 0.0015407 0.000506574 0.137761 </mean>
<covariance>   1.0213e-07  -1.9454e-09  -2.3799e-10  -3.8890e-07
  -1.9454e-09   1.9844e-09   3.4694e-10   2.9414e-07
  -2.3799e-10   3.4694e-10   1.0011e-07   6.9384e-09
  -3.8890e-07   2.9414e-07   6.9384e-09   1.0847e-04
</covariance>
</state>
<state>
<time>5.6</time>
<index>62</index>
<mean>
 0.997896 0.00155087 0.000517579 0.137761 </mean>
<covariance>   1.0231e-07  -2.0920e-09  -2.5823e-10  -4.0961e-07
  -2.0920e-09   2.1043e-09   3.6489e-10   3.1275e-07
  -2.5823e-10   3.6489e-10   1.0011e-07   9.0394e-09
  -4.0961e-07   3.1275e-07   9.0394e-09   1.1080e-04
</covariance>
</state>
<state>
<time>5.7</time>
<index>63</index>
<mean>
 0.997874 0.00156111 0.000528656 0.137761 </mean>
<covariance>   1.0249e-07  -2.2482e-09  -2.8014e-10  -4.3105e-07
  -2.2482e-09   2.2322e-09   3.8416e-10   3.3195e-07
  -2.8014e-10   3.8416e-10   1.0012e-07   1.1273e-08
  -4.3105e-07   3.3195e-07   1.1273e-08   1.1312e-04
</covariance>
</state>
<state>
<time>5.8</time>
<index>64</index>
<mean>
 0.997853 0.00157142 0.000539807 0.137761 </mean>
<covariance>   1.0269e-07  -2.4143e-09  -3.0381e-10  -4.5323e-07
  -2.4143e-09   2.3685e-09   4.0487e-10   3.5176e-07
  -3.0381e-10   4.0487e-10   1.0012e-07   1.3644e-08
  -4.5323e-07   3.5176e-07   1.3644e-08   1.1544e-04
</covariance>
</state>
<state>
<time>5.9</time>
<index>65</index>
<mean>
 0.997831 0.0015818 0.000551032 0.137761 </mean>
<covariance>   1.0289e-07  -2.5909e-09  -3.2938e-10  -4.7615e-07
  -2.5909e-09   2.5136e-09   4.2710e-10   3.7217e-07
  -3.2938e-10   4.2710e-10   1.0013e-07   1.6157e-08
  -4.7615e-07   3.7217e-07   1.6157e-08   1.1776e-04
</covariance>
</state>
<state>
<time>6</time>
<index>66</index>
<mean>
 0.997809 0.00159225 0.00056233 0.137761 </mean>
<covariance>   1.0312e-07  -2.7785e-09  -3.5697e-10  -4.9985e-07
  -2.7785e-09   2.6680e-09   4.5096e-10   3.9321e-07
  -3.5697e-10   4.5096e-10   1.0013e-07   1.8815e-08
  -4.9985e-07   3.9321e-07   1.8815e-08   1.2009e-04
</covariance>
</state>
<state>
<time>6</time>
<index>67</index>
<measurement> 0.000345295</measurement>
<loglik>9.56109</loglik>
<mean>
 0.997831 0.00157172 0.00055886 0.134735 </mean>
<covariance>   1.0226e-07  -1.9554e-09  -2.1784e-10  -3.7854e-07
  -1.9554e-09   1.8776e-09   3.1736e-10   2.7672e-07
  -2.1784e-10   3.1736e-10   1.0011e-07  -8.7333e-10
  -3.7854e-07   2.7672e-07  -8.7333e-10   1.0292e-04
</covariance>
</state>
<state>
<time>6.1</time>
<index>68</index>
<mean>
 0.99781 0.00158162 0.000570087 0.134735 </mean>
<covariance>   1.0243e-07  -2.0971e-09  -2.3643e-10  -3.9839e-07
  -2.0971e-09   1.9912e-09   3.3303e-10   2.9460e-07
  -2.3643e-10   3.3303e-10   1.0012e-07   1.1033e-09
  -3.9839e-07   2.9460e-07   1.1033e-09   1.0524e-04
</covariance>
</state>
<state>
<time>6.2</time>
<index>69</index>
<mean>
 0.997788 0.00159159 0.000581384 0.134735 </mean>
<covariance>   1.0261e-07  -2.2479e-09  -2.5657e-10  -4.1895e-07
  -2.2479e-09   2.1124e-09   3.4994e-10   3.1305e-07
  -2.5657e-10   3.4994e-10   1.0012e-07   3.2075e-09
  -4.1895e-07   3.1305e-07   3.2075e-09   1.0756e-04
</covariance>
</state>
<state>
<time>6.3</time>
<index>70</index>
<mean>
 0.997767 0.00160161 0.000592752 0.134735 </mean>
<covariance>   1.0281e-07  -2.4083e-09  -2.7840e-10  -4.4023e-07
  -2.4083e-09   2.2418e-09   3.6819e-10   3.3210e-07
  -2.7840e-10   3.6819e-10   1.0013e-07   5.4436e-09
  -4.4023e-07   3.3210e-07   5.4436e-09   1.0989e-04
</covariance>
</state>
<state>
<time>6.4</time>
<index>71</index>
<mean>
 0.997745 0.0016117 0.000604192 0.134735 </mean>
<covariance>   1.0301e-07  -2.5788e-09  -3.0201e-10  -4.6225e-07
  -2.5788e-09   2.3797e-09   3.8786e-10   3.5174e-07
  -3.0201e-10   3.8786e-10   1.0013e-07   7.8158e-09
  -4.6225e-07   3.5174e-07   7.8158e-09   1.1221e-04
</covariance>
</state>
<state>
<time>6.5</time>
<index>72</index>
<mean>
 0.997724 0.00162186 0.000615705 0.134735 </mean>
<covariance>   1.0323e-07  -2.7599e-09  -3.2752e-10  -4.8501e-07
  -2.7599e-09   2.5264e-09   4.0906e-10   3.7199e-07
  -3.2752e-10   4.0906e-10   1.0014e-07   1.0328e-08
  -4.8501e-07   3.7199e-07   1.0328e-08   1.1453e-04
</covariance>
</state>
<state>
<time>6.6</time>
<index>73</index>
<mean>
 0.997702 0.00163208 0.000627289 0.134735 </mean>
<covariance>   1.0346e-07  -2.9520e-09  -3.5507e-10  -5.0853e-07
  -2.9520e-09   2.6823e-09   4.3189e-10   3.9286e-07
  -3.5507e-10   4.3189e-10   1.0014e-07   1.2985e-08
  -5.0853e-07   3.9286e-07   1.2985e-08   1.1685e-04
</covariance>
</state>
<state>
<time>6.7</time>
<index>74</index>
<mean>
 0.99768 0.00164236 0.000638947 0.134735 </mean>
<covariance>   1.0371e-07  -3.1557e-09  -3.8478e-10  -5.3283e-07
  -3.1557e-09   2.8479e-09   4.5646e-10   4.1435e-07
  -3.8478e-10   4.5646e-10   1.0015e-07   1.5791e-08
  -5.3283e-07   4.1435e-07   1.5791e-08   1.1918e-04
</covariance>
</state>
<state>
<time>6.8</time>
<index>75</index>
<mean>
 0.997658 0.0016527 0.000650678 0.134735 </mean>
<covariance>   1.0397e-07  -3.3714e-09  -4.1680e-10  -5.5791e-07
  -3.3714e-09   3.0236e-09   4.8287e-10   4.3648e-07
  -4.1680e-10   4.8287e-10   1.0016e-07   1.8751e-08
  -5.5791e-07   4.3648e-07   1.8751e-08   1.2150e-04
</covariance>
</state>
<state>
<time>6.9</time>
<index>76</index>
<mean>
 0.997636 0.00166311 0.000662483 0.134735 </mean>
<covariance>   1.0424e-07  -3.5999e-09  -4.5126e-10  -5.8380e-07
  -3.5999e-09   3.2098e-09   5.1124e-10   4.5924e-07
  -4.5126e-10   5.1124e-10   1.0016e-07   2.1869e-08
  -5.8380e-07   4.5924e-07   2.1869e-08   1.2382e-04
</covariance>
</state>
<state>
<time>7</time>
<index>77</index>
<mean>
 0.997613 0.00167359 0.000674363 0.134735 </mean>
<covariance>   1.0454e-07  -3.8415e-09  -4.8831e-10  -6.1051e-07
  -3.8415e-09   3.4070e-09   5.4169e-10   4.8267e-07
  -4.8831e-10   5.4169e-10   1.0017e-07   2.5149e-08
  -6.1051e-07   4.8267e-07   2.5149e-08   1.2614e-04
</covariance>
</state>
<state>
<time>7</time>
<index>78</index>
<measurement> 0.00032525</measurement>
<loglik>7.01029</loglik>
<mean>
 0.997702 0.00159535 0.000661922 0.12365 </mean>
<covariance>   1.0312e-07  -2.5842e-09  -2.8840e-10  -4.3238e-07
  -2.5842e-09   2.2919e-09   3.6439e-10   3.2469e-07
  -2.8840e-10   3.6439e-10   1.0014e-07   3.1254e-11
  -4.3238e-07   3.2469e-07   3.1254e-11   1.0376e-04
</covariance>
</state>
<state>
<time>7.1</time>
<index>79</index>
<mean>
 0.997682 0.00160363 0.000673318 0.12365 </mean>
<covariance>   1.0332e-07  -2.7480e-09  -3.1193e-10  -4.5289e-07
  -2.7480e-09   2.4222e-09   3.8311e-10   3.4288e-07
  -3.1193e-10   3.8311e-10   1.0015e-07   2.3505e-09
  -4.5289e-07   3.4288e-07   2.3505e-09   1.0608e-04
</covariance>
</state>
<state>
<time>7.2</time>
<index>80</index>
<mean>
 0.997662 0.00161196 0.000684772 0.12365 </mean>
<covariance>   1.0353e-07  -2.9212e-09  -3.3725e-10  -4.7408e-07
  -2.9212e-09   2.5603e-09   4.0325e-10   3.6163e-07
  -3.3725e-10   4.0325e-10   1.0015e-07   4.7996e-09
  -4.7408e-07   3.6163e-07   4.7996e-09   1.0841e-04
</covariance>
</state>
<state>
<time>7.3</time>
<index>81</index>
<mean>
 0.997642 0.00162033 0.000696286 0.12365 </mean>
<covariance>   1.0376e-07  -3.1042e-09  -3.6450e-10  -4.9597e-07
  -3.1042e-09   2.7065e-09   4.2491e-10   3.8093e-07
  -3.6450e-10   4.2491e-10   1.0016e-07   7.3827e-09
  -4.9597e-07   3.8093e-07   7.3827e-09   1.1073e-04
</covariance>
</state>
<state>
<time>7.4</time>
<index>82</index>
<mean>
 0.997622 0.00162875 0.00070786 0.12365 </mean>
<covariance>   1.0399e-07  -3.2974e-09  -3.9378e-10  -5.1856e-07
  -3.2974e-09   2.8613e-09   4.4817e-10   4.0080e-07
  -3.9378e-10   4.4817e-10   1.0017e-07   1.0104e-08
  -5.1856e-07   4.0080e-07   1.0104e-08   1.1305e-04
</covariance>
</state>
<state>
<time>7.5</time>
<index>83</index>
<mean>
 0.997602 0.0016372 0.000719494 0.12365 </mean>
<covariance>   1.0425e-07  -3.5014e-09  -4.2521e-10  -5.4186e-07
  -3.5014e-09   3.0248e-09   4.7314e-10   4.2124e-07
  -4.2521e-10   4.7314e-10   1.0017e-07   1.2966e-08
  -5.4186e-07   4.2124e-07   1.2966e-08   1.1537e-04
</covariance>
</state>
<state>
<time>7.6</time>
<index>84</index>
<mean>
 0.997582 0.0016457 0.000731188 0.12365 </mean>
<covariance>   1.0451e-07  -3.7165e-09  -4.5892e-10  -5.6589e-07
  -3.7165e-09   3.1976e-09   4.9992e-10   4.4226e-07
  -4.5892e-10   4.9992e-10   1.0018e-07   1.5975e-08
  -5.6589e-07   4.4226e-07   1.5975e-08   1.1770e-04
</covariance>
</state>
<state>
<time>7.7</time>
<index>85</index>
<mean>
 0.997562 0.00165425 0.000742943 0.12365 </mean>
<covariance>   1.0479e-07  -3.9431e-09  -4.9505e-10  -5.9066e-07
  -3.9431e-09   3.3799e-09   5.2860e-10   4.6386e-07
  -4.9505e-10   5.2860e-10   1.0019e-07   1.9134e-08
  -5.9066e-07   4.6386e-07   1.9134e-08   1.2002e-04
</covariance>
</state>
<state>
<time>7.8</time>
<index>86</index>
<mean>
 0.997541 0.00166284 0.000754759 0.12365 </mean>
<covariance>   1.0508e-07  -4.1819e-09  -5.3373e-10  -6.1617e-07
  -4.1819e-09   3.5720e-09   5.5931e-10   4.8607e-07
  -5.3373e-10   5.5931e-10   1.0019e-07   2.2448e-08
  -6.1617e-07   4.8607e-07   2.2448e-08   1.2234e-04
</covariance>
</state>
<state>
<time>7.9</time>
<index>87</index>
<mean>
 0.997521 0.00167147 0.000766637 0.12365 </mean>
<covariance>   1.0539e-07  -4.4333e-09  -5.7510e-10  -6.4245e-07
  -4.4333e-09   3.7745e-09   5.9215e-10   5.0887e-07
  -5.7510e-10   5.9215e-10   1.0020e-07   2.5919e-08
  -6.4245e-07   5.0887e-07   2.5919e-08   1.2466e-04
</covariance>
</state>
<state>
<time>8</time>
<index>88</index>
<mean>
 0.9975 0.00168015 0.000778576 0.12365 </mean>
<covariance>   1.0572e-07  -4.6977e-09  -6.1932e-10  -6.6950e-07
  -4.6977e-09   3.9876e-09   6.2724e-10   5.3228e-07
  -6.1932e-10   6.2724e-10   1.0021e-07   2.9554e-08
  -6.6950e-07   5.3228e-07   2.9554e-08   1.2699e-04
</covariance>
</state>
<state>
<time>8</time>
<index>89</index>
<measurement> 0.000361825</measurement>
<loglik>9.40399</loglik>
<mean>
 0.997536 0.00164971 0.000773788 0.119587 </mean>
<covariance>   1.0372e-07  -3.0017e-09  -3.5253e-10  -4.4310e-07
  -3.0017e-09   2.5479e-09   4.0078e-10   3.4011e-07
  -3.5253e-10   4.0078e-10   1.0018e-07  -6.7410e-10
  -4.4310e-07   3.4011e-07  -6.7410e-10   1.0133e-04
</covariance>
</state>
<state>
<time>8.1</time>
<index>90</index>
<mean>
 0.997516 0.00165761 0.000785572 0.119587 </mean>
<covariance>   1.0394e-07  -3.1770e-09  -3.7925e-10  -4.6382e-07
  -3.1770e-09   2.6875e-09   4.2127e-10   3.5840e-07
  -3.7925e-10   4.2127e-10   1.0018e-07   1.7553e-09
  -4.6382e-07   3.5840e-07   1.7553e-09   1.0366e-04
</covariance>
</state>
<state>
<time>8.2</time>
<index>91</index>
<mean>
 0.997497 0.00166554 0.000797412 0.119587 </mean>
<covariance>   1.0417e-07  -3.3621e-09  -4.0791e-10  -4.8523e-07
  -3.3621e-09   2.8351e-09   4.4328e-10   3.7725e-07
  -4.0791e-10   4.4328e-10   1.0019e-07   4.3153e-09
  -4.8523e-07   3.7725e-07   4.3153e-09   1.0598e-04
</covariance>
</state>
<state>
<time>8.3</time>
<index>92</index>
<mean>
 0.997477 0.00167351 0.000809309 0.119587 </mean>
<covariance>   1.0441e-07  -3.5573e-09  -4.3861e-10  -5.0733e-07
  -3.5573e-09   2.9910e-09   4.6690e-10   3.9665e-07
  -4.3861e-10   4.6690e-10   1.0019e-07   7.0099e-09
  -5.0733e-07   3.9665e-07   7.0099e-09   1.0830e-04
</covariance>
</state>
<state>
<time>8.4</time>
<index>93</index>
<mean>
 0.997457 0.00168152 0.000821262 0.119587 </mean>
<covariance>   1.0466e-07  -3.7630e-09  -4.7147e-10  -5.3013e-07
  -3.7630e-09   3.1556e-09   4.9224e-10   4.1662e-07
  -4.7147e-10   4.9224e-10   1.0020e-07   9.8432e-09
  -5.3013e-07   4.1662e-07   9.8432e-09   1.1062e-04
</covariance>
</state>
<state>
<time>8.5</time>
<index>94</index>
<mean>
 0.997437 0.00168957 0.000833273 0.119587 </mean>
<covariance>   1.0493e-07  -3.9797e-09  -5.0663e-10  -5.5364e-07
  -3.9797e-09   3.3293e-09   5.1938e-10   4.3716e-07
  -5.0663e-10   5.1938e-10   1.0021e-07   1.2819e-08
  -5.5364e-07   4.3716e-07   1.2819e-08   1.1295e-04
</covariance>
</state>
<state>
<time>8.6</time>
<index>95</index>
<mean>
 0.997417 0.00169765 0.000845342 0.119587 </mean>
<covariance>   1.0521e-07  -4.2079e-09  -5.4421e-10  -5.7788e-07
  -4.2079e-09   3.5123e-09   5.4844e-10   4.5827e-07
  -5.4421e-10   5.4844e-10   1.0022e-07   1.5942e-08
  -5.7788e-07   4.5827e-07   1.5942e-08   1.1527e-04
</covariance>
</state>
<state>
<time>8.7</time>
<index>96</index>
<mean>
 0.997396 0.00170578 0.000857468 0.119587 </mean>
<covariance>   1.0551e-07  -4.4479e-09  -5.8435e-10  -6.0285e-07
  -4.4479e-09   3.7051e-09   5.7951e-10   4.7997e-07
  -5.8435e-10   5.7951e-10   1.0022e-07   1.9215e-08
  -6.0285e-07   4.7997e-07   1.9215e-08   1.1759e-04
</covariance>
</state>
<state>
<time>8.8</time>
<index>97</index>
<mean>
 0.997376 0.00171394 0.000869652 0.119587 </mean>
<covariance>   1.0583e-07  -4.7004e-09  -6.2719e-10  -6.2857e-07
  -4.7004e-09   3.9079e-09   6.1271e-10   5.0226e-07
  -6.2719e-10   6.1271e-10   1.0023e-07   2.2643e-08
  -6.2857e-07   5.0226e-07   2.2643e-08   1.1991e-04
</covariance>
</state>
<state>
<time>8.9</time>
<index>98</index>
<mean>
 0.997356 0.00172214 0.000881894 0.119587 </mean>
<covariance>   1.0615e-07  -4.9657e-09  -6.7288e-10  -6.5504e-07
  -4.9657e-09   4.1213e-09   6.4816e-10   5.2515e-07
  -6.7288e-10   6.4816e-10   1.0024e-07   2.6231e-08
  -6.5504e-07   5.2515e-07   2.6231e-08   1.2224e-04
</covariance>
</state>
<state>
<time>9</time>
<index>99</index>
<mean>
 0.997335 0.00173038 0.000894195 0.119587 </mean>
<covariance>   1.0650e-07  -5.2444e-09  -7.2156e-10  -6.8229e-07
  -5.2444e-09   4.3455e-09   6.8598e-10   5.4864e-07
  -7.2156e-10   6.8598e-10   1.0025e-07   2.9982e-08
  -6.8229e-07   5.4864e-07   2.9982e-08   1.2456e-04
</covariance>
</state>
<state>
<time>9</time>
<index>100</index>
<measurement> 0.000374914</measurement>
<loglik>9.44206</loglik>
<mean>
 0.997369 0.00170217 0.000889742 0.116026 </mean>
<covariance>   1.0417e-07  -3.3181e-09  -4.1749e-10  -4.3909e-07
  -3.3181e-09   2.7494e-09   4.3402e-10   3.4713e-07
  -4.1749e-10   4.3402e-10   1.0021e-07  -1.8292e-09
  -4.3909e-07   3.4713e-07  -1.8292e-09   9.9116e-05
</covariance>
</state>
<state>
<time>9.1</time>
<index>101</index>
<mean>
 0.997349 0.00170971 0.000901901 0.116026 </mean>
<covariance>   1.0440e-07  -3.4999e-09  -4.4654e-10  -4.5993e-07
  -3.4999e-09   2.8949e-09   4.5577e-10   3.6549e-07
  -4.4654e-10   4.5577e-10   1.0022e-07   6.5026e-10
  -4.5993e-07   3.6549e-07   6.5026e-10   1.0144e-04
</covariance>
</state>
<state>
<time>9.2</time>
<index>102</index>
<mean>
 0.99733 0.00171728 0.000914113 0.116026 </mean>
<covariance>   1.0464e-07  -3.6916e-09  -4.7760e-10  -4.8144e-07
  -3.6916e-09   3.0486e-09   4.7911e-10   3.8439e-07
  -4.7760e-10   4.7911e-10   1.0022e-07   3.2609e-09
  -4.8144e-07   3.8439e-07   3.2609e-09   1.0376e-04
</covariance>
</state>
<state>
<time>9.3</time>
<index>103</index>
<mean>
 0.99731 0.00172489 0.000926379 0.116026 </mean>
<covariance>   1.0489e-07  -3.8936e-09  -5.1078e-10  -5.0365e-07
  -3.8936e-09   3.2108e-09   5.0412e-10   4.0386e-07
  -5.1078e-10   5.0412e-10   1.0023e-07   6.0065e-09
  -5.0365e-07   4.0386e-07   6.0065e-09   1.0608e-04
</covariance>
</state>
<state>
<time>9.4</time>
<index>104</index>
<mean>
 0.99729 0.00173253 0.0009387 0.116026 </mean>
<covariance>   1.0515e-07  -4.1064e-09  -5.4621e-10  -5.2656e-07
  -4.1064e-09   3.3819e-09   5.3091e-10   4.2388e-07
  -5.4621e-10   5.3091e-10   1.0024e-07   8.8912e-09
  -5.2656e-07   4.2388e-07   8.8912e-09   1.0841e-04
</covariance>
</state>
<state>
<time>9.5</time>
<index>105</index>
<mean>
 0.99727 0.0017402 0.000951075 0.116026 </mean>
<covariance>   1.0543e-07  -4.3303e-09  -5.8401e-10  -5.5019e-07
  -4.3303e-09   3.5621e-09   5.5957e-10   4.4448e-07
  -5.8401e-10   5.5957e-10   1.0025e-07   1.1919e-08
  -5.5019e-07   4.4448e-07   1.1919e-08   1.1073e-04
</covariance>
</state>
<state>
<time>9.6</time>
<index>106</index>
<mean>
 0.99725 0.0017479 0.000963505 0.116026 </mean>
<covariance>   1.0573e-07  -4.5658e-09  -6.2432e-10  -5.7454e-07
  -4.5658e-09   3.7518e-09   5.9021e-10   4.6565e-07
  -6.2432e-10   5.9021e-10   1.0025e-07   1.5094e-08
  -5.7454e-07   4.6565e-07   1.5094e-08   1.1305e-04
</covariance>
</state>
<state>
<time>9.7</time>
<index>107</index>
<mean>
 0.997229 0.00175564 0.00097599 0.116026 </mean>
<covariance>   1.0603e-07  -4.8135e-09  -6.6727e-10  -5.9962e-07
  -4.8135e-09   3.9514e-09   6.2294e-10   4.8741e-07
  -6.6727e-10   6.2294e-10   1.0026e-07   1.8420e-08
  -5.9962e-07   4.8741e-07   1.8420e-08   1.1537e-04
</covariance>
</state>
<state>
<time>9.8</time>
<index>108</index>
<mean>
 0.997209 0.00176342 0.00098853 0.116026 </mean>
<covariance>   1.0636e-07  -5.0737e-09  -7.1301e-10  -6.2545e-07
  -5.0737e-09   4.1612e-09   6.5787e-10   5.0975e-07
  -7.1301e-10   6.5787e-10   1.0027e-07   2.1901e-08
  -6.2545e-07   5.0975e-07   2.1901e-08   1.1770e-04
</covariance>
</state>
<state>
<time>9.9</time>
<index>109</index>
<mean>
 0.997189 0.00177122 0.00100113 0.116026 </mean>
<covariance>   1.0670e-07  -5.3469e-09  -7.6168e-10  -6.5203e-07
  -5.3469e-09   4.3817e-09   6.9511e-10   5.3269e-07
  -7.6168e-10   6.9511e-10   1.0028e-07   2.5542e-08
  -6.5203e-07   5.3269e-07   2.5542e-08   1.2002e-04
</covariance>
</state>
<state>
<time>10</time>
<index>110</index>
<mean>
 0.997168 0.00177907 0.00101378 0.116026 </mean>
<covariance>   1.0705e-07  -5.6337e-09  -8.1344e-10  -6.7938e-07
  -5.6337e-09   4.6131e-09   7.3479e-10   5.5624e-07
  -8.1344e-10   7.3479e-10   1.0029e-07   2.9347e-08
  -6.7938e-07   5.5624e-07   2.9347e-08   1.2234e-04
</covariance>
</state>
<state>
<time>10</time>
<index>111</index>
<measurement> 0.000406298</measurement>
<loglik>9.65612</loglik>
<mean>
 0.997162 0.00178383 0.00101454 0.1166 </mean>
<covariance>   1.0452e-07  -3.5589e-09  -4.8296e-10  -4.2920e-07
  -3.5589e-09   2.9141e-09   4.6418e-10   3.5138e-07
  -4.8296e-10   4.6418e-10   1.0025e-07  -3.2827e-09
  -4.2920e-07   3.5138e-07  -3.2827e-09   9.7639e-05
</covariance>
</state>
<state>
<time>10.1</time>
<index>112</index>
<mean>
 0.997142 0.00179183 0.00102728 0.1166 </mean>
<covariance>   1.0475e-07  -3.7495e-09  -5.1387e-10  -4.5064e-07
  -3.7495e-09   3.0688e-09   4.8702e-10   3.7032e-07
  -5.1387e-10   4.8702e-10   1.0026e-07  -7.7285e-10
  -4.5064e-07   3.7032e-07  -7.7285e-10   9.9961e-05
</covariance>
</state>
<state>
<time>10.2</time>
<index>113</index>
<mean>
