<?xml version="1.0"?>
<root>
<parameters> 0.121183 0.008901 0.161893 0.00105628</parameters>
<dataPoints>365</dataPoints>
<states>
<state>
<time>0</time>
<index>0</index>
<mean>
 0.999 0.001 0 0.155 </mean>
<covariance>   1.0000e-07            0            0            0
            0   1.0000e-07            0            0
            0            0   1.0000e-07            0
            0            0            0   1.0000e-03
</covariance>
</state>
<state>
<time>0</time>
<index>1</index>
<measurement> 0.000118181</measurement>
<loglik>9.23522</loglik>
<mean>
 0.999 0.000975832 0 0.155 </mean>
<covariance>   1.0000e-07            0            0            0
            0   2.4390e-09            0            0
            0            0   1.0000e-07            0
            0            0            0   1.0000e-03
</covariance>
</state>
<state>
<time>0.1</time>
<index>2</index>
<mean>
 0.998927 0.00106582 7.54486e-06 0.161893 </mean>
<covariance>   1.0001e-07  -4.6073e-11  -2.6977e-13  -9.7486e-08
  -4.6073e-11   2.4894e-09   1.7567e-11   9.7486e-08
  -2.6977e-13   1.7567e-11   1.0000e-07            0
  -9.7486e-08   9.7486e-08            0   1.0079e-03
</covariance>
</state>
<state>
<time>0.2</time>
<index>3</index>
<mean>
 0.998909 0.00107544 1.51578e-05 0.161893 </mean>
<covariance>   1.0004e-07  -1.1783e-10  -1.2446e-12  -2.0637e-07
  -1.1783e-10   2.5669e-09   3.5742e-11   2.0567e-07
  -1.2446e-12   3.5742e-11   1.0000e-07   6.9633e-10
  -2.0637e-07   2.0567e-07   6.9633e-10   1.0158e-03
</covariance>
</state>
<state>
<time>0.3</time>
<index>4</index>
<mean>
 0.998892 0.00108515 2.28396e-05 0.161893 </mean>
<covariance>   1.0010e-07  -2.1558e-10  -3.1934e-12  -3.1882e-07
  -2.1558e-10   2.6698e-09   5.4798e-11   3.1666e-07
  -3.1934e-12   5.4798e-11   1.0000e-07   2.1654e-09
  -3.1882e-07   3.1666e-07   2.1654e-09   1.0238e-03
</covariance>
</state>
<state>
<time>0.4</time>
<index>5</index>
<mean>
 0.998874 0.00109495 3.05906e-05 0.161893 </mean>
<covariance>   1.0018e-07  -3.4110e-10  -6.4076e-12  -4.3491e-07
  -3.4110e-10   2.7995e-09   7.5014e-11   4.3048e-07
  -6.4076e-12   7.5014e-11   1.0000e-07   4.4273e-09
  -4.3491e-07   4.3048e-07   4.4273e-09   1.0317e-03
</covariance>
</state>
<state>
<time>0.5</time>
<index>6</index>
<mean>
 0.998857 0.00110483 3.84117e-05 0.161893 </mean>
<covariance>   1.0030e-07  -4.9625e-10  -1.1201e-11  -5.5470e-07
  -4.9625e-10   2.9576e-09   9.6689e-11   5.4720e-07
  -1.1201e-11   9.6689e-11   1.0000e-07   7.5021e-09
  -5.5470e-07   5.4720e-07   7.5021e-09   1.0396e-03
</covariance>
</state>
<state>
<time>0.6</time>
<index>7</index>
<mean>
 0.998839 0.00111481 4.63034e-05 0.161893 </mean>
<covariance>   1.0045e-07  -6.8297e-10  -1.7910e-11  -6.7827e-07
  -6.8297e-10   3.1458e-09   1.2014e-10   6.6686e-07
  -1.7910e-11   1.2014e-10   1.0000e-07   1.1411e-08
  -6.7827e-07   6.6686e-07   1.1411e-08   1.0475e-03
</covariance>
</state>
<state>
<time>0.7</time>
<index>8</index>
<mean>
 0.998821 0.00112487 5.42663e-05 0.161893 </mean>
<covariance>   1.0064e-07  -9.0328e-10  -2.6895e-11  -8.0568e-07
  -9.0328e-10   3.3656e-09   1.4570e-10   7.8951e-07
  -2.6895e-11   1.4570e-10   1.0001e-07   1.6174e-08
  -8.0568e-07   7.8951e-07   1.6174e-08   1.0555e-03
</covariance>
</state>
<state>
<time>0.8</time>
<index>9</index>
<mean>
 0.998803 0.00113503 6.23011e-05 0.161893 </mean>
<covariance>   1.0086e-07  -1.1593e-09  -3.8541e-11  -9.3702e-07
  -1.1593e-09   3.6190e-09   1.7372e-10   9.1521e-07
  -3.8541e-11   1.7372e-10   1.0001e-07   2.1813e-08
  -9.3702e-07   9.1521e-07   2.1813e-08   1.0634e-03
</covariance>
</state>
<state>
<time>0.9</time>
<index>10</index>
<mean>
 0.998784 0.00114527 7.04084e-05 0.161893 </mean>
<covariance>   1.0112e-07  -1.4532e-09  -5.3262e-11  -1.0724e-06
  -1.4532e-09   3.9076e-09   2.0458e-10   1.0440e-06
  -5.3262e-11   2.0458e-10   1.0001e-07   2.8351e-08
  -1.0724e-06   1.0440e-06   2.8351e-08   1.0713e-03
</covariance>
</state>
<state>
<time>1</time>
<index>11</index>
<mean>
 0.998766 0.00115561 7.85889e-05 0.161893 </mean>
<covariance>   1.0143e-07  -1.7873e-09  -7.1496e-11  -1.2118e-06
  -1.7873e-09   4.2334e-09   2.3869e-10   1.1760e-06
  -7.1496e-11   2.3869e-10   1.0001e-07   3.5808e-08
  -1.2118e-06   1.1760e-06   3.5808e-08   1.0792e-03
</covariance>
</state>
<state>
<time>1</time>
<index>12</index>
<measurement> 0.00013421</measurement>
<loglik>10.3881</loglik>
<mean>
 0.998777 0.00112871 7.70724e-05 0.154421 </mean>
<covariance>   1.0101e-07  -7.8802e-10  -1.5158e-11  -9.3420e-07
  -7.8802e-10   1.8666e-09   1.0524e-10   5.1849e-07
  -1.5158e-11   1.0524e-10   1.0001e-07  -1.2610e-09
  -9.3420e-07   5.1849e-07  -1.2610e-09   8.9660e-04
</covariance>
</state>
<state>
<time>1.1</time>
<index>13</index>
<mean>
 0.99876 0.00113806 8.51346e-05 0.154421 </mean>
<covariance>   1.0125e-07  -9.9834e-10  -2.2890e-11  -1.0433e-06
  -9.9834e-10   2.0268e-09   1.1983e-10   6.2384e-07
  -2.2890e-11   1.1983e-10   1.0001e-07   2.4425e-09
  -1.0433e-06   6.2384e-07   2.4425e-09   9.0452e-04
</covariance>
</state>
<state>
<time>1.2</time>
<index>14</index>
<mean>
 0.998742 0.00114748 9.32636e-05 0.154421 </mean>
<covariance>   1.0153e-07  -1.2392e-09  -3.2876e-11  -1.1557e-06
  -1.2392e-09   2.2152e-09   1.3620e-10   7.3180e-07
  -3.2876e-11   1.3620e-10   1.0001e-07   6.8986e-09
  -1.1557e-06   7.3180e-07   6.8986e-09   9.1245e-04
</covariance>
</state>
<state>
<time>1.3</time>
<index>15</index>
<mean>
 0.998724 0.00115698 0.00010146 0.154421 </mean>
<covariance>   1.0185e-07  -1.5123e-09  -4.5461e-11  -1.2715e-06
  -1.5123e-09   2.4331e-09   1.5467e-10   8.4241e-07
  -4.5461e-11   1.5467e-10   1.0001e-07   1.2126e-08
  -1.2715e-06   8.4241e-07   1.2126e-08   9.2037e-04
</covariance>
</state>
<state>
<time>1.4</time>
<index>16</index>
<mean>
 0.998707 0.00116656 0.000109724 0.154421 </mean>
<covariance>   1.0220e-07  -1.8197e-09  -6.1013e-11  -1.3908e-06
  -1.8197e-09   2.6821e-09   1.7557e-10   9.5571e-07
  -6.1013e-11   1.7557e-10   1.0002e-07   1.8143e-08
  -1.3908e-06   9.5571e-07   1.8143e-08   9.2829e-04
</covariance>
</state>
<state>
<time>1.5</time>
<index>17</index>
<mean>
 0.998689 0.00117622 0.000118057 0.154421 </mean>
<covariance>   1.0259e-07  -2.1632e-09  -7.9921e-11  -1.5137e-06
  -2.1632e-09   2.9637e-09   1.9925e-10   1.0718e-06
  -7.9921e-11   1.9925e-10   1.0002e-07   2.4970e-08
  -1.5137e-06   1.0718e-06   2.4970e-08   9.3621e-04
</covariance>
</state>
<state>
<time>1.6</time>
<index>18</index>
<mean>
 0.998671 0.00118596 0.000126458 0.154421 </mean>
<covariance>   1.0303e-07  -2.5449e-09  -1.0260e-10  -1.6402e-06
  -2.5449e-09   3.2797e-09   2.2607e-10   1.1906e-06
  -1.0260e-10   2.2607e-10   1.0002e-07   3.2625e-08
  -1.6402e-06   1.1906e-06   3.2625e-08   9.4414e-04
</covariance>
</state>
<state>
<time>1.7</time>
<index>19</index>
<mean>
 0.998652 0.00119578 0.000134929 0.154421 </mean>
<covariance>   1.0351e-07  -2.9669e-09  -1.2950e-10  -1.7703e-06
  -2.9669e-09   3.6317e-09   2.5644e-10   1.3122e-06
  -1.2950e-10   2.5644e-10   1.0002e-07   4.1129e-08
  -1.7703e-06   1.3122e-06   4.1129e-08   9.5206e-04
</covariance>
</state>
<state>
<time>1.8</time>
<index>20</index>
<mean>
 0.998634 0.00120568 0.000143471 0.154421 </mean>
<covariance>   1.0404e-07  -3.4313e-09  -1.6107e-10  -1.9042e-06
  -3.4313e-09   4.0216e-09   2.9074e-10   1.4367e-06
  -1.6107e-10   2.9074e-10   1.0003e-07   5.0502e-08
  -1.9042e-06   1.4367e-06   5.0502e-08   9.5998e-04
</covariance>
</state>
<state>
<time>1.9</time>
<index>21</index>
<mean>
 0.998615 0.00121566 0.000152083 0.154421 </mean>
<covariance>   1.0462e-07  -3.9405e-09  -1.9782e-10  -2.0419e-06
  -3.9405e-09   4.4510e-09   3.2942e-10   1.5642e-06
  -1.9782e-10   3.2942e-10   1.0003e-07   6.0764e-08
  -2.0419e-06   1.5642e-06   6.0764e-08   9.6790e-04
</covariance>
</state>
<state>
<time>2</time>
<index>22</index>
<mean>
 0.998596 0.00122572 0.000160766 0.154421 </mean>
<covariance>   1.0526e-07  -4.4969e-09  -2.4027e-10  -2.1835e-06
  -4.4969e-09   4.9221e-09   3.7294e-10   1.6946e-06
  -2.4027e-10   3.7294e-10   1.0004e-07   7.1937e-08
  -2.1835e-06   1.6946e-06   7.1937e-08   9.7583e-04
</covariance>
</state>
<state>
<time>2</time>
<index>23</index>
<measurement> 0.000152208</measurement>
<loglik>10.4199</loglik>
<mean>
 0.998581 0.00124291 0.000162068 0.160338 </mean>
<covariance>   1.0293e-07  -1.9463e-09  -4.7015e-11  -1.3054e-06
  -1.9463e-09   2.1303e-09   1.6141e-10   7.3345e-07
  -4.7015e-11   1.6141e-10   1.0002e-07  -8.8773e-10
  -1.3054e-06   7.3345e-07  -8.8773e-10   6.4492e-04
</covariance>
</state>
<state>
<time>2.1</time>
<index>24</index>
<mean>
 0.998561 0.00125393 0.000170946 0.160338 </mean>
<covariance>   1.0332e-07  -2.2611e-09  -6.4285e-11  -1.3971e-06
  -2.2611e-09   2.3618e-09   1.7873e-10   8.1997e-07
  -6.4285e-11   1.7873e-10   1.0002e-07   4.3512e-09
  -1.3971e-06   8.1997e-07   4.3512e-09   6.5284e-04
</covariance>
</state>
<state>
<time>2.2</time>
<index>25</index>
<mean>
 0.998541 0.00126505 0.000179902 0.160338 </mean>
<covariance>   1.0375e-07  -2.6076e-09  -8.4844e-11  -1.4920e-06
  -2.6076e-09   2.6212e-09   1.9862e-10   9.0895e-07
  -8.4844e-11   1.9862e-10   1.0003e-07   1.0208e-08
  -1.4920e-06   9.0895e-07   1.0208e-08   6.6076e-04
</covariance>
</state>
<state>
<time>2.3</time>
<index>26</index>
<mean>
 0.998521 0.00127626 0.000188939 0.160338 </mean>
<covariance>   1.0422e-07  -2.9876e-09  -1.0906e-10  -1.5900e-06
  -2.9876e-09   2.9100e-09   2.2137e-10   1.0005e-06
  -1.0906e-10   2.2137e-10   1.0003e-07   1.6701e-08
  -1.5900e-06   1.0005e-06   1.6701e-08   6.6868e-04
</covariance>
</state>
<state>
<time>2.4</time>
<index>27</index>
<mean>
 0.9985 0.00128758 0.000198055 0.160338 </mean>
<covariance>   1.0474e-07  -3.4030e-09  -1.3731e-10  -1.6912e-06
  -3.4030e-09   3.2298e-09   2.4734e-10   1.0945e-06
  -1.3731e-10   2.4734e-10   1.0003e-07   2.3847e-08
  -1.6912e-06   1.0945e-06   2.3847e-08   6.7661e-04
</covariance>
</state>
<state>
<time>2.5</time>
<index>28</index>
<mean>
 0.998479 0.001299 0.000207252 0.160338 </mean>
<covariance>   1.0529e-07  -3.8559e-09  -1.7001e-10  -1.7956e-06
  -3.8559e-09   3.5823e-09   2.7688e-10   1.1912e-06
  -1.7001e-10   2.7688e-10   1.0004e-07   3.1665e-08
  -1.7956e-06   1.1912e-06   3.1665e-08   6.8453e-04
</covariance>
</state>
<state>
<time>2.6</time>
<index>29</index>
<mean>
 0.998459 0.00131052 0.00021653 0.160338 </mean>
<covariance>   1.0590e-07  -4.3485e-09  -2.0760e-10  -1.9035e-06
  -4.3485e-09   3.9692e-09   3.1035e-10   1.2905e-06
  -2.0760e-10   3.1035e-10   1.0004e-07   4.0173e-08
  -1.9035e-06   1.2905e-06   4.0173e-08   6.9245e-04
</covariance>
</state>
<state>
<time>2.7</time>
<index>30</index>
<mean>
 0.998438 0.00132214 0.000225891 0.160338 </mean>
<covariance>   1.0655e-07  -4.8828e-09  -2.5055e-10  -2.0147e-06
  -4.8828e-09   4.3922e-09   3.4817e-10   1.3925e-06
  -2.5055e-10   3.4817e-10   1.0005e-07   4.9391e-08
  -2.0147e-06   1.3925e-06   4.9391e-08   7.0038e-04
</covariance>
</state>
<state>
<time>2.8</time>
<index>31</index>
<mean>
 0.998417 0.00133386 0.000235335 0.160338 </mean>
<covariance>   1.0725e-07  -5.4612e-09  -2.9933e-10  -2.1294e-06
  -5.4612e-09   4.8533e-09   3.9073e-10   1.4972e-06
  -2.9933e-10   3.9073e-10   1.0005e-07   5.9337e-08
  -2.1294e-06   1.4972e-06   5.9337e-08   7.0830e-04
</covariance>
</state>
<state>
<time>2.9</time>
<index>32</index>
<mean>
 0.998395 0.00134568 0.000244862 0.160338 </mean>
<covariance>   1.0801e-07  -6.0860e-09  -3.5446e-10  -2.2476e-06
  -6.0860e-09   5.3544e-09   4.3849e-10   1.6048e-06
  -3.5446e-10   4.3849e-10   1.0006e-07   7.0031e-08
  -2.2476e-06   1.6048e-06   7.0031e-08   7.1622e-04
</covariance>
</state>
<state>
<time>3</time>
<index>33</index>
<mean>
 0.998374 0.00135761 0.000254474 0.160338 </mean>
<covariance>   1.0882e-07  -6.7599e-09  -4.1651e-10  -2.3695e-06
  -6.7599e-09   5.8975e-09   4.9190e-10   1.7152e-06
  -4.1651e-10   4.9190e-10   1.0006e-07   8.1494e-08
  -2.3695e-06   1.7152e-06   8.1494e-08   7.2414e-04
</covariance>
</state>
<state>
<time>3</time>
<index>34</index>
<measurement> 0.000162894</measurement>
<loglik>10.3686</loglik>
<mean>
 0.998382 0.00135008 0.000253847 0.158148 </mean>
<covariance>   1.0447e-07  -2.9650e-09  -9.9981e-11  -1.2658e-06
  -2.9650e-09   2.5867e-09   2.1576e-10   7.5232e-07
  -9.9981e-11   2.1576e-10   1.0004e-07   1.1813e-09
  -1.2658e-06   7.5232e-07   1.1813e-09   4.4410e-04
</covariance>
</state>
<state>
<time>3.1</time>
<index>35</index>
<mean>
 0.998361 0.00136176 0.00026349 0.158148 </mean>
<covariance>   1.0492e-07  -3.3121e-09  -1.2574e-10  -1.3375e-06
  -3.3121e-09   2.8442e-09   2.3714e-10   8.1865e-07
  -1.2574e-10   2.3714e-10   1.0004e-07   6.5550e-09
  -1.3375e-06   8.1865e-07   6.5550e-09   4.5203e-04
</covariance>
</state>
<state>
<time>3.2</time>
<index>36</index>
<mean>
 0.998339 0.00137353 0.000273217 0.158148 </mean>
<covariance>   1.0539e-07  -3.6879e-09  -1.5514e-10  -1.4119e-06
  -3.6879e-09   3.1263e-09   2.6136e-10   8.8716e-07
  -1.5514e-10   2.6136e-10   1.0005e-07   1.2403e-08
  -1.4119e-06   8.8716e-07   1.2403e-08   4.5995e-04
</covariance>
</state>
<state>
<time>3.3</time>
<index>37</index>
<mean>
 0.998318 0.00138541 0.000283028 0.158148 </mean>
<covariance>   1.0590e-07  -4.0941e-09  -1.8853e-10  -1.4889e-06
  -4.0941e-09   3.4344e-09   2.8871e-10   9.5787e-07
  -1.8853e-10   2.8871e-10   1.0005e-07   1.8739e-08
  -1.4889e-06   9.5787e-07   1.8739e-08   4.6787e-04
</covariance>
</state>
<state>
<time>3.4</time>
<index>38</index>
<mean>
 0.998296 0.00139738 0.000292923 0.158148 </mean>
<covariance>   1.0645e-07  -4.5323e-09  -2.2625e-10  -1.5687e-06
  -4.5323e-09   3.7701e-09   3.1949e-10   1.0308e-06
  -2.2625e-10   3.1949e-10   1.0005e-07   2.5581e-08
  -1.5687e-06   1.0308e-06   2.5581e-08   4.7579e-04
</covariance>
</state>
<state>
<time>3.5</time>
<index>39</index>
<mean>
 0.998274 0.00140946 0.000302905 0.158148 </mean>
<covariance>   1.0705e-07  -5.0045e-09  -2.6869e-10  -1.6514e-06
  -5.0045e-09   4.1347e-09   3.5400e-10   1.1061e-06
  -2.6869e-10   3.5400e-10   1.0006e-07   3.2944e-08
  -1.6514e-06   1.1061e-06   3.2944e-08   4.8372e-04
</covariance>
</state>
<state>
<time>3.6</time>
<index>40</index>
<mean>
 0.998252 0.00142165 0.000312972 0.158148 </mean>
<covariance>   1.0768e-07  -5.5124e-09  -3.1623e-10  -1.7368e-06
  -5.5124e-09   4.5298e-09   3.9259e-10   1.1837e-06
  -3.1623e-10   3.9259e-10   1.0006e-07   4.0845e-08
  -1.7368e-06   1.1837e-06   4.0845e-08   4.9164e-04
</covariance>
</state>
<state>
<time>3.7</time>
<index>41</index>
<mean>
 0.998229 0.00143394 0.000323127 0.158148 </mean>
<covariance>   1.0836e-07  -6.0581e-09  -3.6930e-10  -1.8253e-06
  -6.0581e-09   4.9569e-09   4.3561e-10   1.2636e-06
  -3.6930e-10   4.3561e-10   1.0007e-07   4.9300e-08
  -1.8253e-06   1.2636e-06   4.9300e-08   4.9956e-04
</covariance>
</state>
<state>
<time>3.8</time>
<index>42</index>
<mean>
 0.998207 0.00144633 0.000333369 0.158148 </mean>
<covariance>   1.0908e-07  -6.6436e-09  -4.2835e-10  -1.9167e-06
  -6.6436e-09   5.4178e-09   4.8342e-10   1.3460e-06
  -4.2835e-10   4.8342e-10   1.0008e-07   5.8326e-08
  -1.9167e-06   1.3460e-06   5.8326e-08   5.0748e-04
</covariance>
</state>
<state>
<time>3.9</time>
<index>43</index>
<mean>
 0.998184 0.00145883 0.0003437 0.158148 </mean>
<covariance>   1.0986e-07  -7.2710e-09  -4.9384e-10  -2.0111e-06
  -7.2710e-09   5.9142e-09   5.3643e-10   1.4309e-06
  -4.9384e-10   5.3643e-10   1.0008e-07   6.7940e-08
  -2.0111e-06   1.4309e-06   6.7940e-08   5.1541e-04
</covariance>
</state>
<state>
<time>4</time>
<index>44</index>
<mean>
 0.998161 0.00147144 0.000354121 0.158148 </mean>
<covariance>   1.1069e-07  -7.9426e-09  -5.6628e-10  -2.1087e-06
  -7.9426e-09   6.4477e-09   5.9505e-10   1.5182e-06
  -5.6628e-10   5.9505e-10   1.0009e-07   7.8160e-08
  -2.1087e-06   1.5182e-06   7.8160e-08   5.2333e-04
</covariance>
</state>
<state>
<time>4</time>
<index>45</index>
<measurement> 0.000173651</measurement>
<loglik>10.2541</loglik>
<mean>
 0.998186 0.00145052 0.00035219 0.153223 </mean>
<covariance>   1.0537e-07  -3.6248e-09  -1.6780e-10  -1.0920e-06
  -3.6248e-09   2.9426e-09   2.7156e-10   6.9289e-07
  -1.6780e-10   2.7156e-10   1.0006e-07   1.9899e-09
  -1.0920e-06   6.9289e-07   1.9899e-09   3.2898e-04
</covariance>
</state>
<state>
<time>4.1</time>
<index>46</index>
<mean>
 0.998164 0.00146235 0.000362551 0.153223 </mean>
<covariance>   1.0580e-07  -3.9649e-09  -1.9917e-10  -1.1502e-06
  -3.9649e-09   3.1998e-09   2.9597e-10   7.4614e-07
  -1.9917e-10   2.9597e-10   1.0007e-07   6.9391e-09
  -1.1502e-06   7.4614e-07   6.9391e-09   3.3691e-04
</covariance>
</state>
<state>
<time>4.2</time>
<index>47</index>
<mean>
 0.998142 0.00147427 0.000372996 0.153223 </mean>
<covariance>   1.0627e-07  -4.3307e-09  -2.3415e-10  -1.2108e-06
  -4.3307e-09   3.4787e-09   3.2321e-10   8.0138e-07
  -2.3415e-10   3.2321e-10   1.0007e-07   1.2269e-08
  -1.2108e-06   8.0138e-07   1.2269e-08   3.4483e-04
</covariance>
</state>
<state>
<time>4.3</time>
<index>48</index>
<mean>
 0.998119 0.00148628 0.000383527 0.153223 </mean>
<covariance>   1.0676e-07  -4.7234e-09  -2.7305e-10  -1.2738e-06
  -4.7234e-09   3.7807e-09   3.5353e-10   8.5862e-07
  -2.7305e-10   3.5353e-10   1.0008e-07   1.7993e-08
  -1.2738e-06   8.5862e-07   1.7993e-08   3.5275e-04
</covariance>
</state>
<state>
<time>4.4</time>
<index>49</index>
<mean>
 0.998097 0.0014984 0.000394143 0.153223 </mean>
<covariance>   1.0729e-07  -5.1448e-09  -3.1618e-10  -1.3392e-06
  -5.1448e-09   4.1069e-09   3.8721e-10   9.1792e-07
  -3.1618e-10   3.8721e-10   1.0008e-07   2.4126e-08
  -1.3392e-06   9.1792e-07   2.4126e-08   3.6067e-04
</covariance>
</state>
<state>
<time>4.5</time>
<index>50</index>
<mean>
 0.998074 0.00151061 0.000404846 0.153223 </mean>
<covariance>   1.0786e-07  -5.5963e-09  -3.6388e-10  -1.4072e-06
  -5.5963e-09   4.4588e-09   4.2452e-10   9.7931e-07
  -3.6388e-10   4.2452e-10   1.0009e-07   3.0682e-08
  -1.4072e-06   9.7931e-07   3.0682e-08   3.6860e-04
</covariance>
</state>
<state>
<time>4.6</time>
<index>51</index>
<mean>
 0.998051 0.00152292 0.000415636 0.153223 </mean>
<covariance>   1.0846e-07  -6.0796e-09  -4.1650e-10  -1.4777e-06
  -6.0796e-09   4.8376e-09   4.6576e-10   1.0428e-06
  -4.1650e-10   4.6576e-10   1.0009e-07   3.7678e-08
  -1.4777e-06   1.0428e-06   3.7678e-08   3.7652e-04
</covariance>
</state>
<state>
<time>4.7</time>
<index>52</index>
<mean>
 0.998027 0.00153533 0.000426514 0.153223 </mean>
<covariance>   1.0911e-07  -6.5966e-09  -4.7443e-10  -1.5508e-06
  -6.5966e-09   5.2447e-09   5.1124e-10   1.1085e-06
  -4.7443e-10   5.1124e-10   1.0010e-07   4.5126e-08
  -1.5508e-06   1.1085e-06   4.5126e-08   3.8444e-04
</covariance>
</state>
<state>
<time>4.8</time>
<index>53</index>
<mean>
 0.998004 0.00154785 0.000437481 0.153223 </mean>
<covariance>   1.0979e-07  -7.1490e-09  -5.3805e-10  -1.6266e-06
  -7.1490e-09   5.6818e-09   5.6129e-10   1.1764e-06
  -5.3805e-10   5.6129e-10   1.0011e-07   5.3044e-08
  -1.6266e-06   1.1764e-06   5.3044e-08   3.9237e-04
</covariance>
</state>
<state>
<time>4.9</time>
<index>54</index>
<mean>
 0.99798 0.00156046 0.000448537 0.153223 </mean>
<covariance>   1.1053e-07  -7.7386e-09  -6.0780e-10  -1.7052e-06
  -7.7386e-09   6.1502e-09   6.1626e-10   1.2466e-06
  -6.0780e-10   6.1626e-10   1.0012e-07   6.1448e-08
  -1.7052e-06   1.2466e-06   6.1448e-08   4.0029e-04
</covariance>
</state>
<state>
<time>5</time>
<index>55</index>
<mean>
 0.997956 0.00157317 0.000459683 0.153223 </mean>
<covariance>   1.1131e-07  -8.3676e-09  -6.8411e-10  -1.7866e-06
  -8.3676e-09   6.6516e-09   6.7651e-10   1.3190e-06
  -6.8411e-10   6.7651e-10   1.0012e-07   7.0352e-08
  -1.7866e-06   1.3190e-06   7.0352e-08   4.0821e-04
</covariance>
</state>
<state>
<time>5</time>
<index>56</index>
<measurement> 0.000182158</measurement>
<loglik>10.086</loglik>
<mean>
 0.998002 0.0015369 0.000455994 0.146029 </mean>
<covariance>   1.0585e-07  -4.0325e-09  -2.4320e-10  -9.2687e-07
  -4.0325e-09   3.2055e-09   3.2602e-10   6.3567e-07
  -2.4320e-10   3.2602e-10   1.0009e-07   8.4756e-10
  -9.2687e-07   6.3567e-07   8.4756e-10   2.7269e-04
</covariance>
</state>
<state>
<time>5.1</time>
<index>57</index>
<mean>
 0.997979 0.00154832 0.000466972 0.146029 </mean>
<covariance>   1.0626e-07  -4.3553e-09  -2.7791e-10  -9.7794e-07
  -4.3553e-09   3.4560e-09   3.5233e-10   6.8220e-07
  -2.7791e-10   3.5233e-10   1.0009e-07   5.3881e-09
  -9.7794e-07   6.8220e-07   5.3881e-09   2.8062e-04
</covariance>
</state>
<state>
<time>5.2</time>
<index>58</index>
<mean>
 0.997957 0.00155983 0.000478031 0.146029 </mean>
<covariance>   1.0670e-07  -4.7014e-09  -3.1609e-10  -1.0312e-06
  -4.7014e-09   3.7264e-09   3.8139e-10   7.3061e-07
  -3.1609e-10   3.8139e-10   1.0010e-07   1.0261e-08
  -1.0312e-06   7.3061e-07   1.0261e-08   2.8854e-04
</covariance>
</state>
<state>
<time>5.3</time>
<index>59</index>
<mean>
 0.997934 0.00157142 0.000489173 0.146029 </mean>
<covariance>   1.0716e-07  -5.0722e-09  -3.5802e-10  -1.0868e-06
  -5.0722e-09   4.0179e-09   4.1345e-10   7.8093e-07
  -3.5802e-10   4.1345e-10   1.0010e-07   1.5480e-08
  -1.0868e-06   7.8093e-07   1.5480e-08   2.9646e-04
</covariance>
</state>
<state>
<time>5.4</time>
<index>60</index>
<mean>
 0.997911 0.00158309 0.000500397 0.146029 </mean>
<covariance>   1.0765e-07  -5.4692e-09  -4.0399e-10  -1.1446e-06
  -5.4692e-09   4.3316e-09   4.4872e-10   8.3319e-07
  -4.0399e-10   4.4872e-10   1.0011e-07   2.1058e-08
  -1.1446e-06   8.3319e-07   2.1058e-08   3.0438e-04
</covariance>
</state>
<state>
<time>5.5</time>
<index>61</index>
<mean>
 0.997888 0.00159485 0.000511705 0.146029 </mean>
<covariance>   1.0818e-07  -5.8937e-09  -4.5430e-10  -1.2048e-06
  -5.8937e-09   4.6688e-09   4.8748e-10   8.8744e-07
  -4.5430e-10   4.8748e-10   1.0012e-07   2.7009e-08
  -1.2048e-06   8.8744e-07   2.7009e-08   3.1231e-04
</covariance>
</state>
<state>
<time>5.6</time>
<index>62</index>
<mean>
 0.997865 0.0016067 0.000523097 0.146029 </mean>
<covariance>   1.0875e-07  -6.3474e-09  -5.0928e-10  -1.2674e-06
  -6.3474e-09   5.0306e-09   5.3000e-10   9.4371e-07
  -5.0928e-10   5.3000e-10   1.0012e-07   3.3348e-08
  -1.2674e-06   9.4371e-07   3.3348e-08   3.2023e-04
</covariance>
</state>
<state>
<time>5.7</time>
<index>63</index>
<mean>
 0.997842 0.00161864 0.000534573 0.146029 </mean>
<covariance>   1.0935e-07  -6.8317e-09  -5.6928e-10  -1.3325e-06
  -6.8317e-09   5.4184e-09   5.7655e-10   1.0020e-06
  -5.6928e-10   5.7655e-10   1.0013e-07   4.0089e-08
  -1.3325e-06   1.0020e-06   4.0089e-08   3.2815e-04
</covariance>
</state>
<state>
<time>5.8</time>
<index>64</index>
<mean>
 0.997818 0.00163066 0.000546135 0.146029 </mean>
<covariance>   1.0999e-07  -7.3485e-09  -6.3466e-10  -1.4000e-06
  -7.3485e-09   5.8335e-09   6.2744e-10   1.0624e-06
  -6.3466e-10   6.2744e-10   1.0014e-07   4.7246e-08
  -1.4000e-06   1.0624e-06   4.7246e-08   3.3608e-04
</covariance>
</state>
<state>
<time>5.9</time>
<index>65</index>
<mean>
 0.997794 0.00164278 0.000557782 0.146029 </mean>
<covariance>   1.1066e-07  -7.8992e-09  -7.0581e-10  -1.4702e-06
  -7.8992e-09   6.2774e-09   6.8298e-10   1.1250e-06
  -7.0581e-10   6.8298e-10   1.0015e-07   5.4835e-08
  -1.4702e-06   1.1250e-06   5.4835e-08   3.4400e-04
</covariance>
</state>
<state>
<time>6</time>
<index>66</index>
<mean>
 0.99777 0.00165498 0.000569517 0.146029 </mean>
<covariance>   1.1139e-07  -8.4859e-09  -7.8312e-10  -1.5429e-06
  -8.4859e-09   6.7514e-09   7.4351e-10   1.1897e-06
  -7.8312e-10   7.4351e-10   1.0016e-07   6.2871e-08
  -1.5429e-06   1.1897e-06   6.2871e-08   3.5192e-04
</covariance>
</state>
<state>
<time>6</time>
<index>67</index>
<measurement> 0.000194812</measurement>
<loglik>10.1656</loglik>
<mean>
 0.9978 0.00163145 0.000566926 0.141883 </mean>
<covariance>   1.0609e-07  -4.2729e-09  -3.1915e-10  -8.0052e-07
  -4.2729e-09   3.3995e-09   3.7438e-10   5.9905e-07
  -3.1915e-10   3.7438e-10   1.0012e-07  -2.1764e-09
  -8.0052e-07   5.9905e-07  -2.1764e-09   2.4784e-04
</covariance>
</state>
<state>
<time>6.1</time>
<index>68</index>
<mean>
 0.997777 0.00164289 0.000578579 0.141883 </mean>
<covariance>   1.0648e-07  -4.5852e-09  -3.5565e-10  -8.4933e-07
  -4.5852e-09   3.6501e-09   4.0180e-10   6.4358e-07
  -3.5565e-10   4.0180e-10   1.0013e-07   2.1026e-09
  -8.4933e-07   6.4358e-07   2.1026e-09   2.5576e-04
</covariance>
</state>
<state>
<time>6.2</time>
<index>69</index>
<mean>
 0.997754 0.00165442 0.000590314 0.141883 </mean>
<covariance>   1.0689e-07  -4.9207e-09  -3.9555e-10  -9.0035e-07
  -4.9207e-09   3.9206e-09   4.3196e-10   6.9000e-07
  -3.9555e-10   4.3196e-10   1.0013e-07   6.6995e-09
  -9.0035e-07   6.9000e-07   6.6995e-09   2.6368e-04
</covariance>
</state>
<state>
<time>6.3</time>
<index>70</index>
<mean>
 0.99773 0.00166602 0.000602131 0.141883 </mean>
<covariance>   1.0734e-07  -5.2806e-09  -4.3912e-10  -9.5362e-07
  -5.2806e-09   4.2122e-09   4.6510e-10   7.3834e-07
  -4.3912e-10   4.6510e-10   1.0014e-07   1.1628e-08
  -9.5362e-07   7.3834e-07   1.1628e-08   2.7161e-04
</covariance>
</state>
<state>
<time>6.4</time>
<index>71</index>
<mean>
 0.997707 0.0016777 0.000614031 0.141883 </mean>
<covariance>   1.0781e-07  -5.6663e-09  -4.8664e-10  -1.0092e-06
  -5.6663e-09   4.5259e-09   5.0146e-10   7.8865e-07
  -4.8664e-10   5.0146e-10   1.0014e-07   1.6902e-08
  -1.0092e-06   7.8865e-07   1.6902e-08   2.7953e-04
</covariance>
</state>
<state>
<time>6.5</time>
<index>72</index>
<mean>
 0.997683 0.00168947 0.000626015 0.141883 </mean>
<covariance>   1.0831e-07  -6.0794e-09  -5.3843e-10  -1.0671e-06
  -6.0794e-09   4.8630e-09   5.4129e-10   8.4094e-07
  -5.3843e-10   5.4129e-10   1.0015e-07   2.2535e-08
  -1.0671e-06   8.4094e-07   2.2535e-08   2.8745e-04
</covariance>
</state>
<state>
<time>6.6</time>
<index>73</index>
<mean>
 0.997659 0.00170132 0.000638082 0.141883 </mean>
<covariance>   1.0885e-07  -6.5214e-09  -5.9481e-10  -1.1275e-06
  -6.5214e-09   5.2248e-09   5.8486e-10   8.9526e-07
  -5.9481e-10   5.8486e-10   1.0016e-07   2.8542e-08
  -1.1275e-06   8.9526e-07   2.8542e-08   2.9538e-04
</covariance>
</state>
<state>
<time>6.7</time>
<index>74</index>
<mean>
 0.997635 0.00171325 0.000650235 0.141883 </mean>
<covariance>   1.0943e-07  -6.9939e-09  -6.5611e-10  -1.1902e-06
  -6.9939e-09   5.6126e-09   6.3246e-10   9.5165e-07
  -6.5611e-10   6.3246e-10   1.0017e-07   3.4937e-08
  -1.1902e-06   9.5165e-07   3.4937e-08   3.0330e-04
</covariance>
</state>
<state>
<time>6.8</time>
<index>75</index>
<mean>
 0.997611 0.00172526 0.000662472 0.141883 </mean>
<covariance>   1.1004e-07  -7.4984e-09  -7.2270e-10  -1.2555e-06
  -7.4984e-09   6.0276e-09   6.8438e-10   1.0101e-06
  -7.2270e-10   6.8438e-10   1.0018e-07   4.1734e-08
  -1.2555e-06   1.0101e-06   4.1734e-08   3.1122e-04
</covariance>
</state>
<state>
<time>6.9</time>
<index>76</index>
<mean>
 0.997586 0.00173736 0.000674795 0.141883 </mean>
<covariance>   1.1070e-07  -8.0369e-09  -7.9497e-10  -1.3234e-06
  -8.0369e-09   6.4715e-09   7.4094e-10   1.0708e-06
  -7.9497e-10   7.4094e-10   1.0019e-07   4.8949e-08
  -1.3234e-06   1.0708e-06   4.8949e-08   3.1914e-04
</covariance>
</state>
<state>
<time>7</time>
<index>77</index>
<mean>
 0.997561 0.00174954 0.000687205 0.141883 </mean>
<covariance>   1.1140e-07  -8.6110e-09  -8.7330e-10  -1.3938e-06
  -8.6110e-09   6.9455e-09   8.0247e-10   1.1335e-06
  -8.7330e-10   8.0247e-10   1.0020e-07   5.6598e-08
  -1.3938e-06   1.1335e-06   5.6598e-08   3.2707e-04
</covariance>
</state>
<state>
<time>7</time>
<index>78</index>
<measurement> 0.000212881</measurement>
<loglik>10.211</loglik>
<mean>
 0.997557 0.00175294 0.000687598 0.142438 </mean>
<covariance>   1.0632e-07  -4.5140e-09  -3.9994e-10  -7.2513e-07
  -4.5140e-09   3.6409e-09   4.2066e-10   5.9421e-07
  -3.9994e-10   4.2066e-10   1.0015e-07  -5.7158e-09
  -7.2513e-07   5.9421e-07  -5.7158e-09   2.3905e-04
</covariance>
</state>
<state>
<time>7.1</time>
<index>79</index>
<mean>
 0.997532 0.00176533 0.000700119 0.142438 </mean>
<covariance>   1.0670e-07  -4.8354e-09  -4.3826e-10  -7.7535e-07
  -4.8354e-09   3.9089e-09   4.4956e-10   6.4019e-07
  -4.3826e-10   4.4956e-10   1.0016e-07  -1.4715e-09
  -7.7535e-07   6.4019e-07  -1.4715e-09   2.4697e-04
</covariance>
</state>
<state>
<time>7.2</time>
<index>80</index>
<mean>
 0.997507 0.0017778 0.000712728 0.142438 </mean>
<covariance>   1.0712e-07  -5.1820e-09  -4.8011e-10  -8.2792e-07
  -5.1820e-09   4.1988e-09   4.8138e-10   6.8819e-07
  -4.8011e-10   4.8138e-10   1.0017e-07   3.1013e-09
  -8.2792e-07   6.8819e-07   3.1013e-09   2.5489e-04
</covariance>
</state>
<state>
<time>7.3</time>
<index>81</index>
<mean>
 0.997482 0.00179036 0.000725427 0.142438 </mean>
<covariance>   1.0757e-07  -5.5553e-09  -5.2580e-10  -8.8288e-07
  -5.5553e-09   4.5119e-09   5.1640e-10   7.3823e-07
  -5.2580e-10   5.1640e-10   1.0017e-07   8.0170e-09
  -8.8288e-07   7.3823e-07   8.0170e-09   2.6281e-04
</covariance>
</state>
<state>
<time>7.4</time>
<index>82</index>
<mean>
 0.997457 0.00180301 0.000738215 0.142438 </mean>
<covariance>   1.0805e-07  -5.9569e-09  -5.7564e-10  -9.4028e-07
  -5.9569e-09   4.8495e-09   5.5486e-10   7.9036e-07
  -5.7564e-10   5.5486e-10   1.0018e-07   1.3290e-08
  -9.4028e-07   7.9036e-07   1.3290e-08   2.7074e-04
</covariance>
</state>
<state>
<time>7.5</time>
<index>83</index>
<mean>
 0.997431 0.00181575 0.000751094 0.142438 </mean>
<covariance>   1.0856e-07  -6.3885e-09  -6.2995e-10  -1.0002e-06
  -6.3885e-09   5.2130e-09   5.9705e-10   8.4461e-07
  -6.2995e-10   5.9705e-10   1.0019e-07   1.8935e-08
  -1.0002e-06   8.4461e-07   1.8935e-08   2.7866e-04
</covariance>
</state>
<state>
<time>7.6</time>
<index>84</index>
<mean>
 0.997405 0.00182857 0.000764064 0.142438 </mean>
<covariance>   1.0912e-07  -6.8517e-09  -6.8910e-10  -1.0626e-06
  -6.8517e-09   5.6038e-09   6.4327e-10   9.0101e-07
  -6.8910e-10   6.4327e-10   1.0020e-07   2.4968e-08
  -1.0626e-06   9.0101e-07   2.4968e-08   2.8658e-04
</covariance>
</state>
<state>
<time>7.7</time>
<index>85</index>
<mean>
 0.997379 0.00184149 0.000777125 0.142438 </mean>
<covariance>   1.0971e-07  -7.3484e-09  -7.5346e-10  -1.1277e-06
  -7.3484e-09   6.0234e-09   6.9384e-10   9.5962e-07
  -7.5346e-10   6.9384e-10   1.0021e-07   3.1404e-08
  -1.1277e-06   9.5962e-07   3.1404e-08   2.9450e-04
</covariance>
</state>
<state>
<time>7.8</time>
<index>86</index>
<mean>
 0.997353 0.0018545 0.000790278 0.142438 </mean>
<covariance>   1.1034e-07  -7.8805e-09  -8.2342e-10  -1.1953e-06
  -7.8805e-09   6.4733e-09   7.4907e-10   1.0205e-06
  -8.2342e-10   7.4907e-10   1.0022e-07   3.8259e-08
  -1.1953e-06   1.0205e-06   3.8259e-08   3.0243e-04
</covariance>
</state>
<state>
<time>7.9</time>
<index>87</index>
<mean>
 0.997327 0.0018676 0.000803525 0.142438 </mean>
<covariance>   1.1102e-07  -8.4498e-09  -8.9941e-10  -1.2658e-06
  -8.4498e-09   6.9551e-09   8.0933e-10   1.0836e-06
  -8.9941e-10   8.0933e-10   1.0023e-07   4.5548e-08
  -1.2658e-06   1.0836e-06   4.5548e-08   3.1035e-04
</covariance>
</state>
<state>
<time>8</time>
<index>88</index>
<mean>
 0.9973 0.00188079 0.000816865 0.142438 </mean>
<covariance>   1.1174e-07  -9.0584e-09  -9.8186e-10  -1.3389e-06
  -9.0584e-09   7.4705e-09   8.7497e-10   1.1490e-06
  -9.8186e-10   8.7497e-10   1.0024e-07   5.3287e-08
  -1.3389e-06   1.1490e-06   5.3287e-08   3.1827e-04
</covariance>
</state>
<state>
<time>8</time>
<index>89</index>
<measurement> 0.000228769</measurement>
<loglik>10.1556</loglik>
<mean>
 0.997296 0.001884 0.000817241 0.142932 </mean>
<covariance>   1.0671e-07  -4.9104e-09  -4.9603e-10  -7.0093e-07
  -4.9104e-09   4.0496e-09   4.7430e-10   6.2285e-07
  -4.9603e-10   4.7430e-10   1.0019e-07  -8.3374e-09
  -7.0093e-07   6.2285e-07  -8.3374e-09   2.3735e-04
</covariance>
</state>
<state>
<time>8.1</time>
<index>90</index>
<mean>
 0.997269 0.0018974 0.000830698 0.142932 </mean>
<covariance>   1.0712e-07  -5.2600e-09  -5.3753e-10  -7.5438e-07
  -5.2600e-09   4.3512e-09   5.0606e-10   6.7185e-07
  -5.3753e-10   5.0606e-10   1.0020e-07  -3.8885e-09
  -7.5438e-07   6.7185e-07  -3.8885e-09   2.4527e-04
</covariance>
</state>
<state>
<time>8.2</time>
<index>91</index>
<mean>
 0.997242 0.00191089 0.000844251 0.142932 </mean>
<covariance>   1.0757e-07  -5.6382e-09  -5.8292e-10  -8.1035e-07
  -5.6382e-09   4.6779e-09   5.4112e-10   7.2302e-07
  -5.8292e-10   5.4112e-10   1.0021e-07   9.1047e-10
  -8.1035e-07   7.2302e-07   9.1047e-10   2.5319e-04
</covariance>
</state>
<state>
<time>8.3</time>
<index>92</index>
<mean>
 0.997215 0.00192448 0.0008579 0.142932 </mean>
<covariance>   1.0804e-07  -6.0467e-09  -6.3252e-10  -8.6888e-07
  -6.0467e-09   5.0310e-09   5.7976e-10   7.7639e-07
  -6.3252e-10   5.7976e-10   1.0022e-07   6.0749e-09
  -8.6888e-07   7.7639e-07   6.0749e-09   2.6112e-04
</covariance>
</state>
<state>
<time>8.4</time>
<index>93</index>
<mean>
 0.997188 0.00193816 0.000871646 0.142932 </mean>
<covariance>   1.0856e-07  -6.4873e-09  -6.8670e-10  -9.3004e-07
  -6.4873e-09   5.4122e-09   6.2228e-10   8.3200e-07
  -6.8670e-10   6.2228e-10   1.0023e-07   1.1621e-08
  -9.3004e-07   8.3200e-07   1.1621e-08   2.6904e-04
</covariance>
</state>
<state>
<time>8.5</time>
<index>94</index>
<mean>
 0.99716 0.00195194 0.00088549 0.142932 </mean>
<covariance>   1.0911e-07  -6.9619e-09  -7.4583e-10  -9.9387e-07
  -6.9619e-09   5.8230e-09   6.6902e-10   8.8988e-07
  -7.4583e-10   6.6902e-10   1.0023e-07   1.7563e-08
  -9.9387e-07   8.8988e-07   1.7563e-08   2.7696e-04
</covariance>
</state>
<state>
<time>8.6</time>
<index>95</index>
<mean>
 0.997132 0.00196582 0.000899433 0.142932 </mean>
<covariance>   1.0971e-07  -7.4726e-09  -8.1032e-10  -1.0604e-06
  -7.4726e-09   6.2651e-09   7.2030e-10   9.5009e-07
  -8.1032e-10   7.2030e-10   1.0024e-07   2.3920e-08
  -1.0604e-06   9.5009e-07   2.3920e-08   2.8489e-04
</covariance>
</state>
<state>
<time>8.7</time>
<index>96</index>
<mean>
 0.997104 0.0019798 0.000913474 0.142932 </mean>
<covariance>   1.1035e-07  -8.0214e-09  -8.8059e-10  -1.1298e-06
  -8.0214e-09   6.7401e-09   7.7648e-10   1.0127e-06
  -8.8059e-10   7.7648e-10   1.0026e-07   3.0706e-08
  -1.1298e-06   1.0127e-06   3.0706e-08   2.9281e-04
</covariance>
</state>
<state>
<time>8.8</time>
<index>97</index>
<mean>
 0.997076 0.00199387 0.000927616 0.142932 </mean>
<covariance>   1.1104e-07  -8.6104e-09  -9.5711e-10  -1.2020e-06
  -8.6104e-09   7.2499e-09   8.3795e-10   1.0776e-06
  -9.5711e-10   8.3795e-10   1.0027e-07   3.7939e-08
  -1.2020e-06   1.0776e-06   3.7939e-08   3.0073e-04
</covariance>
</state>
<state>
<time>8.9</time>
<index>98</index>
<mean>
 0.997048 0.00200804 0.000941858 0.142932 </mean>
<covariance>   1.1177e-07  -9.2419e-09  -1.0403e-09  -1.2771e-06
  -9.2419e-09   7.7962e-09   9.0510e-10   1.1450e-06
  -1.0403e-09   9.0510e-10   1.0028e-07   4.5637e-08
  -1.2771e-06   1.1450e-06   4.5637e-08   3.0865e-04
</covariance>
</state>
<state>
<time>9</time>
<index>99</index>
<mean>
 0.997019 0.00202232 0.000956201 0.142932 </mean>
<covariance>   1.1256e-07  -9.9182e-09  -1.1308e-09  -1.3552e-06
  -9.9182e-09   8.3810e-09   9.7836e-10   1.2149e-06
  -1.1308e-09   9.7836e-10   1.0029e-07   5.3816e-08
  -1.3552e-06   1.2149e-06   5.3816e-08   3.1658e-04
</covariance>
</state>
<state>
<time>9</time>
<index>100</index>
<measurement> 0.000241916</measurement>
<loglik>10.0732</loglik>
<mean>
 0.997033 0.00201059 0.000954832 0.141232 </mean>
<covariance>   1.0727e-07  -5.4504e-09  -6.0924e-10  -7.0752e-07
  -5.4504e-09   4.6057e-09   5.3765e-10   6.6766e-07
  -6.0924e-10   5.3765e-10   1.0024e-07  -1.0072e-08
  -7.0752e-07   6.6766e-07  -1.0072e-08   2.3724e-04
</covariance>
</state>
<state>
<time>9.1</time>
<index>101</index>
<mean>
 0.997005 0.00202454 0.000969193 0.141232 </mean>
<covariance>   1.0772e-07  -5.8384e-09  -6.5512e-10  -7.6446e-07
  -5.8384e-09   4.9486e-09   5.7342e-10   7.1983e-07
  -6.5512e-10   5.7342e-10   1.0025e-07  -5.3027e-09
  -7.6446e-07   7.1983e-07  -5.3027e-09   2.4516e-04
</covariance>
</state>
<state>
<time>9.2</time>
<index>102</index>
<mean>
 0.996976 0.00203859 0.000983654 0.141232 </mean>
<covariance>   1.0820e-07  -6.2584e-09  -7.0534e-10  -8.2406e-07
  -6.2584e-09   5.3198e-09   6.1294e-10   7.7428e-07
  -7.0534e-10   6.1294e-10   1.0026e-07  -1.6103e-10
  -8.2406e-07   7.7428e-07  -1.6103e-10   2.5309e-04
</covariance>
</state>
<state>
<time>9.3</time>
<index>103</index>
<mean>
 0.996947 0.00205273 0.000998216 0.141232 </mean>
<covariance>   1.0872e-07  -6.7126e-09  -7.6028e-10  -8.8637e-07
  -6.7126e-09   5.7208e-09   6.5653e-10   8.3107e-07
  -7.6028e-10   6.5653e-10   1.0027e-07   5.3696e-09
  -8.8637e-07   8.3107e-07   5.3696e-09   2.6101e-04
</covariance>
</state>
<state>
<time>9.4</time>
<index>104</index>
<mean>
 0.996918 0.00206697 0.00101288 0.141232 </mean>
<covariance>   1.0928e-07  -7.2028e-09  -8.2034e-10  -9.5146e-07
  -7.2028e-09   6.1535e-09   7.0452e-10   8.9023e-07
  -8.2034e-10   7.0452e-10   1.0028e-07   1.1306e-08
  -9.5146e-07   8.9023e-07   1.1306e-08   2.6893e-04
</covariance>
</state>
<state>
<time>9.5</time>
<index>105</index>
<mean>
 0.996889 0.00208131 0.00102764 0.141232 </mean>
<covariance>   1.0989e-07  -7.7314e-09  -8.8594e-10  -1.0194e-06
  -7.7314e-09   6.6196e-09   7.5728e-10   9.5179e-07
  -8.8594e-10   7.5728e-10   1.0029e-07   1.7665e-08
  -1.0194e-06   9.5179e-07   1.7665e-08   2.7685e-04
</covariance>
</state>
<state>
<time>9.6</time>
<index>106</index>
<mean>
 0.99686 0.00209575 0.00104251 0.141232 </mean>
<covariance>   1.1054e-07  -8.3005e-09  -9.5754e-10  -1.0902e-06
  -8.3005e-09   7.1209e-09   8.1519e-10   1.0158e-06
  -9.5754e-10   8.1519e-10   1.0030e-07   2.4463e-08
  -1.0902e-06   1.0158e-06   2.4463e-08   2.8478e-04
</covariance>
</state>
<state>
<time>9.7</time>
<index>107</index>
<mean>
 0.996831 0.00211028 0.00105748 0.141232 </mean>
<covariance>   1.1125e-07  -8.9123e-09  -1.0356e-09  -1.1640e-06
  -8.9123e-09   7.6593e-09   8.7866e-10   1.0823e-06
  -1.0356e-09   8.7866e-10   1.0031e-07   3.1719e-08
  -1.1640e-06   1.0823e-06   3.1719e-08   2.9270e-04
</covariance>
</state>
<state>
<time>9.8</time>
<index>108</index>
<mean>
 0.996801 0.00212492 0.00107255 0.141232 </mean>
<covariance>   1.1200e-07  -9.5694e-09  -1.1207e-09  -1.2407e-06
  -9.5694e-09   8.2368e-09   9.4810e-10   1.1514e-06
  -1.1207e-09   9.4810e-10   1.0032e-07   3.9450e-08
  -1.2407e-06   1.1514e-06   3.9450e-08   3.0062e-04
</covariance>
</state>
<state>
<time>9.9</time>
<index>109</index>
<mean>
 0.996771 0.00213966 0.00108773 0.141232 </mean>
<covariance>   1.1281e-07  -1.0274e-08  -1.2133e-09  -1.3206e-06
  -1.0274e-08   8.8555e-09   1.0240e-09   1.2230e-06
  -1.2133e-09   1.0240e-09   1.0034e-07   4.7674e-08
  -1.3206e-06   1.2230e-06   4.7674e-08   3.0855e-04
</covariance>
</state>
<state>
<time>10</time>
<index>110</index>
<mean>
 0.996741 0.00215449 0.00110301 0.141232 </mean>
<covariance>   1.1368e-07  -1.1029e-08  -1.3140e-09  -1.4036e-06
  -1.1029e-08   9.5174e-09   1.1068e-09   1.2972e-06
  -1.3140e-09   1.1068e-09   1.0035e-07   5.6409e-08
  -1.4036e-06   1.2972e-06   5.6409e-08   3.1647e-04
</covariance>
</state>
<state>
<time>10</time>
<index>111</index>
<measurement> 0.000248665</measurement>
<loglik>9.77922</loglik>
<mean>
 0.996794 0.0021083 0.00109764 0.134936 </mean>
<covariance>   1.0792e-07  -6.0595e-09  -7.3604e-10  -7.2620e-07
  -6.0595e-09   5.2289e-09   6.0807e-10   7.1271e-07
  -7.3604e-10   6.0807e-10   1.0029e-07  -1.1564e-08
  -7.2620e-07   7.1271e-07  -1.1564e-08   2.3680e-04
</covariance>
</state>
<state>
<time>10.1</time>
<index>112</index>
<mean>
 0.996766 0.0021216 0.0011127 0.134936 </mean>
<covariance>   1.0840e-07  -6.4811e-09  -7.8662e-10  -7.8553e-07
  -6.4811e-09   5.6067e-09   6.4811e-10   7.6695e-07
  -7.8662e-10   6.4811e-10   1.0030e-07  -6.4732e-09
  -7.8553e-07   7.6695e-07  -6.4732e-09   2.4472e-04
</covariance>
</state>
<state>
<time>10.2</time>
<index>113</index>
<mean>
