<?xml version="1.0"?>
<root>
<parameters> 0.283566 0.00414642 0.0984262 0.000863713 0.0119869 0.198537 64.8208</parameters>
<dataPoints>365</dataPoints>
<states>
<state>
<time>0</time>
<index>0</index>
<mean>
 0.999 0.001 0 0.155 </mean>
<covariance>   1.0000e-07            0            0            0
            0   1.0000e-07            0            0
            0            0   1.0000e-07            0
            0            0            0   1.0000e-03
</covariance>
</state>
<state>
<time>0</time>
<index>1</index>
<measurement> 0.000283836</measurement>
<loglik>8.38807</loglik>
<mean>
 0.999 0.00100093 0 0.155 </mean>
<covariance>   1.0000e-07            0            0            0
            0   2.4390e-09            0            0
            0            0   1.0000e-07            0
            0            0            0   1.0000e-03
</covariance>
</state>
<state>
<time>0.1</time>
<index>2</index>
<mean>
 0.999128 0.000866038 6.16938e-06 0.0985401 </mean>
<covariance>   1.0001e-07  -4.6529e-11  -2.6976e-13  -9.9993e-08
  -4.6529e-11   2.4899e-09   1.7567e-11   9.9993e-08
  -2.6976e-13   1.7567e-11   1.0000e-07            0
  -9.9993e-08   9.9993e-08            0   1.0017e-03
</covariance>
</state>
<state>
<time>0.2</time>
<index>3</index>
<mean>
 0.999119 0.000868378 1.23554e-05 0.0986538 </mean>
<covariance>   1.0003e-07  -9.5294e-11  -1.0120e-12  -1.8765e-07
  -9.5294e-11   2.5282e-09   3.5509e-11   1.8694e-07
  -1.0120e-12   3.5509e-11   1.0000e-07   7.1423e-10
  -1.8765e-07   1.8694e-07   7.1423e-10   1.0034e-03
</covariance>
</state>
<state>
<time>0.3</time>
<index>4</index>
<mean>
 0.999111 0.000870735 1.85581e-05 0.0987673 </mean>
<covariance>   1.0007e-07  -1.5994e-10  -2.3984e-12  -2.7655e-07
  -1.5994e-10   2.5820e-09   5.3891e-11   2.7450e-07
  -2.3984e-12   5.3891e-11   1.0000e-07   2.0495e-09
  -2.7655e-07   2.7450e-07   2.0495e-09   1.0052e-03
</covariance>
</state>
<state>
<time>0.4</time>
<index>5</index>
<mean>
 0.999102 0.000873108 2.47776e-05 0.0988805 </mean>
<covariance>   1.0013e-07  -2.4091e-10  -4.6035e-12  -3.6671e-07
  -2.4091e-10   2.6516e-09   7.2880e-11   3.6270e-07
  -4.6035e-12   7.2880e-11   1.0000e-07   4.0103e-09
  -3.6671e-07   3.6270e-07   4.0103e-09   1.0069e-03
</covariance>
</state>
<state>
<time>0.5</time>
<index>6</index>
<mean>
 0.999093 0.000875497 3.10141e-05 0.0989934 </mean>
<covariance>   1.0021e-07  -3.3866e-10  -7.8072e-12  -4.5812e-07
  -3.3866e-10   2.7373e-09   9.2647e-11   4.5152e-07
  -7.8072e-12   9.2647e-11   1.0000e-07   6.6009e-09
  -4.5812e-07   4.5152e-07   6.6009e-09   1.0086e-03
</covariance>
</state>
<state>
<time>0.6</time>
<index>7</index>
<mean>
 0.999085 0.000877902 3.72676e-05 0.0991061 </mean>
<covariance>   1.0030e-07  -4.5364e-10  -1.2195e-11  -5.5080e-07
  -4.5364e-10   2.8392e-09   1.1337e-10   5.4098e-07
  -1.2195e-11   1.1337e-10   1.0000e-07   9.8261e-09
  -5.5080e-07   5.4098e-07   9.8261e-09   1.0103e-03
</covariance>
</state>
<state>
<time>0.7</time>
<index>8</index>
<mean>
 0.999076 0.000880324 4.35384e-05 0.0992184 </mean>
<covariance>   1.0041e-07  -5.8634e-10  -1.7959e-11  -6.4477e-07
  -5.8634e-10   2.9578e-09   1.3522e-10   6.3108e-07
  -1.7959e-11   1.3522e-10   1.0001e-07   1.3690e-08
  -6.4477e-07   6.3108e-07   1.3690e-08   1.0120e-03
</covariance>
</state>
<state>
<time>0.8</time>
<index>9</index>
<mean>
 0.999067 0.000882762 4.98264e-05 0.0993305 </mean>
<covariance>   1.0055e-07  -7.3723e-10  -2.5298e-11  -7.4003e-07
  -7.3723e-10   3.0934e-09   1.5838e-10   7.2183e-07
  -2.5298e-11   1.5838e-10   1.0001e-07   1.8198e-08
  -7.4003e-07   7.2183e-07   1.8198e-08   1.0138e-03
</covariance>
</state>
<state>
<time>0.9</time>
<index>10</index>
<mean>
 0.999059 0.000885217 5.61318e-05 0.0994423 </mean>
<covariance>   1.0070e-07  -9.0679e-10  -3.4414e-11  -8.3659e-07
  -9.0679e-10   3.2462e-09   1.8303e-10   8.1324e-07
  -3.4414e-11   1.8303e-10   1.0001e-07   2.3354e-08
  -8.3659e-07   8.1324e-07   2.3354e-08   1.0155e-03
</covariance>
</state>
<state>
<time>1</time>
<index>11</index>
<mean>
 0.99905 0.000887689 6.24548e-05 0.0995538 </mean>
<covariance>   1.0087e-07  -1.0955e-09  -4.5519e-11  -9.3447e-07
  -1.0955e-09   3.4165e-09   2.0938e-10   9.0531e-07
  -4.5519e-11   2.0938e-10   1.0001e-07   2.9163e-08
  -9.3447e-07   9.0531e-07   2.9163e-08   1.0172e-03
</covariance>
</state>
<state>
<time>1</time>
<index>12</index>
<measurement> 0.000272044</measurement>
<loglik>9.38411</loglik>
<mean>
 0.999035 0.000933154 6.52411e-05 0.111601 </mean>
<covariance>   1.0065e-07  -4.0067e-10  -2.9345e-12  -7.5034e-07
  -4.0067e-10   1.2495e-09   7.6574e-11   3.3110e-07
  -2.9345e-12   7.6574e-11   1.0001e-07  -6.0273e-09
  -7.5034e-07   3.3110e-07  -6.0273e-09   8.6504e-04
</covariance>
</state>
<state>
<time>1.1</time>
<index>13</index>
<mean>
 0.999025 0.000936893 7.19065e-05 0.111712 </mean>
<covariance>   1.0080e-07  -5.2401e-10  -6.4082e-12  -8.3467e-07
  -5.2401e-10   1.3290e-09   8.5501e-11   4.1306e-07
  -6.4082e-12   8.5501e-11   1.0001e-07  -3.6623e-09
  -8.3467e-07   4.1306e-07  -3.6623e-09   8.6676e-04
</covariance>
</state>
<state>
<time>1.2</time>
<index>14</index>
<mean>
 0.999014 0.000940657 7.85986e-05 0.111823 </mean>
<covariance>   1.0098e-07  -6.6491e-10  -1.1145e-11  -9.2040e-07
  -6.6491e-10   1.4249e-09   9.5308e-11   4.9584e-07
  -1.1145e-11   9.5308e-11   1.0001e-07  -7.1187e-10
  -9.2040e-07   4.9584e-07  -7.1187e-10   8.6848e-04
</covariance>
</state>
<state>
<time>1.3</time>
<index>15</index>
<mean>
 0.999004 0.000944446 8.53176e-05 0.111934 </mean>
<covariance>   1.0117e-07  -8.2396e-10  -1.7338e-11  -1.0075e-06
  -8.2396e-10   1.5377e-09   1.0618e-10   5.7944e-07
  -1.7338e-11   1.0618e-10   1.0001e-07   2.8298e-09
  -1.0075e-06   5.7944e-07   2.8298e-09   8.7019e-04
</covariance>
</state>
<state>
<time>1.4</time>
<index>16</index>
<mean>
 0.998993 0.000948261 9.20636e-05 0.112044 </mean>
<covariance>   1.0139e-07  -1.0018e-09  -2.5191e-11  -1.0961e-06
  -1.0018e-09   1.6676e-09   1.1829e-10   6.6387e-07
  -2.5191e-11   1.1829e-10   1.0001e-07   6.9686e-09
  -1.0961e-06   6.6387e-07   6.9686e-09   8.7191e-04
</covariance>
</state>
<state>
<time>1.5</time>
<index>17</index>
<mean>
 0.998983 0.000952102 9.88369e-05 0.112154 </mean>
<covariance>   1.0163e-07  -1.1990e-09  -3.4913e-11  -1.1861e-06
  -1.1990e-09   1.8152e-09   1.3184e-10   7.4914e-07
  -3.4913e-11   1.3184e-10   1.0001e-07   1.1711e-08
  -1.1861e-06   7.4914e-07   1.1711e-08   8.7363e-04
</covariance>
</state>
<state>
<time>1.6</time>
<index>18</index>
<mean>
 0.998972 0.000955968 0.000105638 0.112263 </mean>
<covariance>   1.0189e-07  -1.4163e-09  -4.6722e-11  -1.2776e-06
  -1.4163e-09   1.9810e-09   1.4702e-10   8.3527e-07
  -4.6722e-11   1.4702e-10   1.0001e-07   1.7062e-08
  -1.2776e-06   8.3527e-07   1.7062e-08   8.7535e-04
</covariance>
</state>
<state>
<time>1.7</time>
<index>19</index>
<mean>
 0.998961 0.000959861 0.000112466 0.112372 </mean>
<covariance>   1.0217e-07  -1.6542e-09  -6.0844e-11  -1.3706e-06
  -1.6542e-09   2.1653e-09   1.6402e-10   9.2225e-07
  -6.0844e-11   1.6402e-10   1.0002e-07   2.3028e-08
  -1.3706e-06   9.2225e-07   2.3028e-08   8.7707e-04
</covariance>
</state>
<state>
<time>1.8</time>
<index>20</index>
<mean>
 0.998951 0.00096378 0.000119322 0.112481 </mean>
<covariance>   1.0248e-07  -1.9135e-09  -7.7513e-11  -1.4650e-06
  -1.9135e-09   2.3686e-09   1.8306e-10   1.0101e-06
  -7.7513e-11   1.8306e-10   1.0002e-07   2.9615e-08
  -1.4650e-06   1.0101e-06   2.9615e-08   8.7879e-04
</covariance>
</state>
<state>
<time>1.9</time>
<index>21</index>
<mean>
 0.99894 0.000967725 0.000126206 0.112589 </mean>
<covariance>   1.0281e-07  -2.1948e-09  -9.6973e-11  -1.5609e-06
  -2.1948e-09   2.5914e-09   2.0434e-10   1.0988e-06
  -9.6973e-11   2.0434e-10   1.0002e-07   3.6830e-08
  -1.5609e-06   1.0988e-06   3.6830e-08   8.8051e-04
</covariance>
</state>
<state>
<time>2</time>
<index>22</index>
<mean>
 0.998929 0.000971696 0.000133119 0.112697 </mean>
<covariance>   1.0317e-07  -2.4990e-09  -1.1947e-10  -1.6584e-06
  -2.4990e-09   2.8342e-09   2.2808e-10   1.1884e-06
  -1.1947e-10   2.2808e-10   1.0003e-07   4.4679e-08
  -1.6584e-06   1.1884e-06   4.4679e-08   8.8223e-04
</covariance>
</state>
<state>
<time>2</time>
<index>23</index>
<measurement> 0.000285117</measurement>
<loglik>9.76939</loglik>
<mean>
 0.998913 0.000990124 0.000134602 0.120424 </mean>
<covariance>   1.0197e-07  -1.1355e-09  -9.7544e-12  -1.0867e-06
  -1.1355e-09   1.2879e-09   1.0364e-10   5.4003e-07
  -9.7544e-12   1.0364e-10   1.0002e-07  -7.5012e-09
  -1.0867e-06   5.4003e-07  -7.5012e-09   6.1034e-04
</covariance>
</state>
<state>
<time>2.1</time>
<index>24</index>
<mean>
 0.998901 0.000994962 0.000141674 0.120531 </mean>
<covariance>   1.0222e-07  -1.3232e-09  -1.8862e-11  -1.1535e-06
  -1.3232e-09   1.4138e-09   1.1303e-10   6.0302e-07
  -1.8862e-11   1.1303e-10   1.0002e-07  -3.6439e-09
  -1.1535e-06   6.0302e-07  -3.6439e-09   6.1206e-04
</covariance>
</state>
<state>
<time>2.2</time>
<index>25</index>
<mean>
 0.998889 0.000999834 0.000148781 0.120638 </mean>
<covariance>   1.0248e-07  -1.5272e-09  -2.9861e-11  -1.2216e-06
  -1.5272e-09   1.5541e-09   1.2380e-10   6.6679e-07
  -2.9861e-11   1.2380e-10   1.0002e-07   6.6341e-10
  -1.2216e-06   6.6679e-07   6.6341e-10   6.1378e-04
</covariance>
</state>
<state>
<time>2.3</time>
<index>26</index>
<mean>
 0.998877 0.00100474 0.000155922 0.120744 </mean>
<covariance>   1.0277e-07  -1.7481e-09  -4.2937e-11  -1.2909e-06
  -1.7481e-09   1.7093e-09   1.3610e-10   7.3135e-07
  -4.2937e-11   1.3610e-10   1.0002e-07   5.4262e-09
  -1.2909e-06   7.3135e-07   5.4262e-09   6.1550e-04
</covariance>
</state>
<state>
<time>2.4</time>
<index>27</index>
<mean>
 0.998865 0.00100968 0.000163099 0.12085 </mean>
<covariance>   1.0308e-07  -1.9865e-09  -5.8280e-11  -1.3615e-06
  -1.9865e-09   1.8799e-09   1.5011e-10   7.9670e-07
  -5.8280e-11   1.5011e-10   1.0002e-07   1.0650e-08
  -1.3615e-06   7.9670e-07   1.0650e-08   6.1722e-04
</covariance>
</state>
<state>
<time>2.5</time>
<index>28</index>
<mean>
 0.998852 0.00101466 0.000170311 0.120956 </mean>
<covariance>   1.0340e-07  -2.2431e-09  -7.6090e-11  -1.4334e-06
  -2.2431e-09   2.0662e-09   1.6599e-10   8.6286e-07
  -7.6090e-11   1.6599e-10   1.0002e-07   1.6341e-08
  -1.4334e-06   8.6286e-07   1.6341e-08   6.1894e-04
</covariance>
</state>
<state>
<time>2.6</time>
<index>29</index>
<mean>
 0.99884 0.00101967 0.000177559 0.121061 </mean>
<covariance>   1.0376e-07  -2.5186e-09  -9.6576e-11  -1.5065e-06
  -2.5186e-09   2.2687e-09   1.8392e-10   9.2983e-07
  -9.6576e-11   1.8392e-10   1.0003e-07   2.2504e-08
  -1.5065e-06   9.2983e-07   2.2504e-08   6.2066e-04
</covariance>
</state>
<state>
<time>2.7</time>
<index>30</index>
<mean>
 0.998828 0.00102472 0.000184842 0.121166 </mean>
<covariance>   1.0413e-07  -2.8135e-09  -1.1995e-10  -1.5809e-06
  -2.8135e-09   2.4879e-09   2.0408e-10   9.9763e-07
  -1.1995e-10   2.0408e-10   1.0003e-07   2.9146e-08
  -1.5809e-06   9.9763e-07   2.9146e-08   6.2238e-04
</covariance>
</state>
<state>
<time>2.8</time>
<index>31</index>
<mean>
 0.998815 0.0010298 0.000192161 0.12127 </mean>
<covariance>   1.0453e-07  -3.1285e-09  -1.4644e-10  -1.6567e-06
  -3.1285e-09   2.7243e-09   2.2666e-10   1.0663e-06
  -1.4644e-10   2.2666e-10   1.0003e-07   3.6272e-08
  -1.6567e-06   1.0663e-06   3.6272e-08   6.2410e-04
</covariance>
</state>
<state>
<time>2.9</time>
<index>32</index>
<mean>
 0.998803 0.00103492 0.000199517 0.121373 </mean>
<covariance>   1.0495e-07  -3.4644e-09  -1.7628e-10  -1.7338e-06
  -3.4644e-09   2.9784e-09   2.5186e-10   1.1357e-06
  -1.7628e-10   2.5186e-10   1.0004e-07   4.3888e-08
  -1.7338e-06   1.1357e-06   4.3888e-08   6.2582e-04
</covariance>
</state>
<state>
<time>3</time>
<index>33</index>
<mean>
 0.99879 0.00104007 0.000206909 0.121476 </mean>
<covariance>   1.0540e-07  -3.8219e-09  -2.0971e-10  -1.8122e-06
  -3.8219e-09   3.2507e-09   2.7987e-10   1.2061e-06
  -2.0971e-10   2.7987e-10   1.0004e-07   5.2000e-08
  -1.8122e-06   1.2061e-06   5.2000e-08   6.2753e-04
</covariance>
</state>
<state>
<time>3</time>
<index>34</index>
<measurement> 0.000307023</measurement>
<loglik>9.65812</loglik>
<mean>
 0.998763 0.00106335 0.000208914 0.130115 </mean>
<covariance>   1.0295e-07  -1.7356e-09  -3.0098e-11  -1.0382e-06
  -1.7356e-09   1.4762e-09   1.2710e-10   5.4770e-07
  -3.0098e-11   1.2710e-10   1.0003e-07  -4.6798e-09
  -1.0382e-06   5.4770e-07  -4.6798e-09   3.8328e-04
</covariance>
</state>
<state>
<time>3.1</time>
<index>35</index>
<mean>
 0.998749 0.00106958 0.000216509 0.130217 </mean>
<covariance>   1.0322e-07  -1.9375e-09  -4.4202e-11  -1.0860e-06
  -1.9375e-09   1.6149e-09   1.3836e-10   5.9160e-07
  -4.4202e-11   1.3836e-10   1.0003e-07  -7.6766e-10
  -1.0860e-06   5.9160e-07  -7.6766e-10   3.8500e-04
</covariance>
</state>
<state>
<time>3.2</time>
<index>36</index>
<mean>
 0.998735 0.00107585 0.000224149 0.130319 </mean>
<covariance>   1.0350e-07  -2.1533e-09  -6.0360e-11  -1.1348e-06
  -2.1533e-09   1.7653e-09   1.5115e-10   6.3618e-07
  -6.0360e-11   1.5115e-10   1.0003e-07   3.4580e-09
  -1.1348e-06   6.3618e-07   3.4580e-09   3.8672e-04
</covariance>
</state>
<state>
<time>3.3</time>
<index>37</index>
<mean>
 0.998721 0.00108217 0.000231834 0.130421 </mean>
<covariance>   1.0381e-07  -2.3836e-09  -7.8730e-11  -1.1846e-06
  -2.3836e-09   1.9280e-09   1.6558e-10   6.8145e-07
  -7.8730e-11   1.6558e-10   1.0003e-07   8.0022e-09
  -1.1846e-06   6.8145e-07   8.0022e-09   3.8844e-04
</covariance>
</state>
<state>
<time>3.4</time>
<index>38</index>
<mean>
 0.998707 0.00108853 0.000239564 0.130522 </mean>
<covariance>   1.0413e-07  -2.6290e-09  -9.9482e-11  -1.2355e-06
  -2.6290e-09   2.1034e-09   1.8179e-10   7.2742e-07
  -9.9482e-11   1.8179e-10   1.0004e-07   1.2870e-08
  -1.2355e-06   7.2742e-07   1.2870e-08   3.9016e-04
</covariance>
</state>
<state>
<time>3.5</time>
<index>39</index>
<mean>
 0.998693 0.00109495 0.000247339 0.130622 </mean>
<covariance>   1.0447e-07  -2.8900e-09  -1.2279e-10  -1.2873e-06
  -2.8900e-09   2.2919e-09   1.9994e-10   7.7411e-07
  -1.2279e-10   1.9994e-10   1.0004e-07   1.8066e-08
  -1.2873e-06   7.7411e-07   1.8066e-08   3.9188e-04
</covariance>
</state>
<state>
<time>3.6</time>
<index>40</index>
<mean>
 0.998679 0.00110141 0.00025516 0.130722 </mean>
<covariance>   1.0483e-07  -3.1673e-09  -1.4883e-10  -1.3403e-06
  -3.1673e-09   2.4939e-09   2.2016e-10   8.2151e-07
  -1.4883e-10   2.2016e-10   1.0004e-07   2.3595e-08
  -1.3403e-06   8.2151e-07   2.3595e-08   3.9360e-04
</covariance>
</state>
<state>
<time>3.7</time>
<index>41</index>
<mean>
 0.998664 0.00110792 0.000263027 0.130821 </mean>
<covariance>   1.0521e-07  -3.4615e-09  -1.7780e-10  -1.3943e-06
  -3.4615e-09   2.7100e-09   2.4262e-10   8.6964e-07
  -1.7780e-10   2.4262e-10   1.0004e-07   2.9463e-08
  -1.3943e-06   8.6964e-07   2.9463e-08   3.9531e-04
</covariance>
</state>
<state>
<time>3.8</time>
<index>42</index>
<mean>
 0.99865 0.00111448 0.000270941 0.13092 </mean>
<covariance>   1.0562e-07  -3.7732e-09  -2.0989e-10  -1.4493e-06
  -3.7732e-09   2.9405e-09   2.6747e-10   9.1851e-07
  -2.0989e-10   2.6747e-10   1.0005e-07   3.5675e-08
  -1.4493e-06   9.1851e-07   3.5675e-08   3.9703e-04
</covariance>
</state>
<state>
<time>3.9</time>
<index>43</index>
<mean>
 0.998635 0.00112109 0.000278901 0.131018 </mean>
<covariance>   1.0604e-07  -4.1031e-09  -2.4531e-10  -1.5055e-06
  -4.1031e-09   3.1859e-09   2.9489e-10   9.6813e-07
  -2.4531e-10   2.9489e-10   1.0005e-07   4.2235e-08
  -1.5055e-06   9.6813e-07   4.2235e-08   3.9875e-04
</covariance>
</state>
<state>
<time>4</time>
<index>44</index>
<mean>
 0.998621 0.00112775 0.000286909 0.131115 </mean>
<covariance>   1.0649e-07  -4.4517e-09  -2.8427e-10  -1.5628e-06
  -4.4517e-09   3.4468e-09   3.2503e-10   1.0185e-06
  -2.8427e-10   3.2503e-10   1.0006e-07   4.9150e-08
  -1.5628e-06   1.0185e-06   4.9150e-08   4.0047e-04
</covariance>
</state>
<state>
<time>4</time>
<index>45</index>
<measurement> 0.000299384</measurement>
<loglik>9.36667</loglik>
<mean>
 0.998669 0.00109032 0.000283379 0.120054 </mean>
<covariance>   1.0350e-07  -2.1361e-09  -6.5914e-11  -8.7856e-07
  -2.1361e-09   1.6539e-09   1.5596e-10   4.8871e-07
  -6.5914e-11   1.5596e-10   1.0004e-07  -8.0748e-10
  -8.7856e-07   4.8871e-07  -8.0748e-10   2.4393e-04
</covariance>
</state>
<state>
<time>4.1</time>
<index>46</index>
<mean>
 0.998656 0.0010956 0.000291167 0.12015 </mean>
<covariance>   1.0375e-07  -2.3177e-09  -8.3474e-11  -9.1097e-07
  -2.3177e-09   1.7798e-09   1.6888e-10   5.1763e-07
  -8.3474e-11   1.6888e-10   1.0004e-07   2.6833e-09
  -9.1097e-07   5.1763e-07   2.6833e-09   2.4565e-04
</covariance>
</state>
<state>
<time>4.2</time>
<index>47</index>
<mean>
 0.998643 0.00110092 0.000298993 0.120247 </mean>
<covariance>   1.0400e-07  -2.5092e-09  -1.0290e-10  -9.4404e-07
  -2.5092e-09   1.9138e-09   1.8317e-10   5.4700e-07
  -1.0290e-10   1.8317e-10   1.0005e-07   6.3806e-09
  -9.4404e-07   5.4700e-07   6.3806e-09   2.4736e-04
</covariance>
</state>
<state>
<time>4.3</time>
<index>48</index>
<mean>
 0.998629 0.00110628 0.000306857 0.120342 </mean>
<covariance>   1.0427e-07  -2.7110e-09  -1.2432e-10  -9.7780e-07
  -2.7110e-09   2.0562e-09   1.9893e-10   5.7685e-07
  -1.2432e-10   1.9893e-10   1.0005e-07   1.0288e-08
  -9.7780e-07   5.7685e-07   1.0288e-08   2.4908e-04
</covariance>
</state>
<state>
<time>4.4</time>
<index>49</index>
<mean>
 0.998616 0.00111167 0.000314759 0.120437 </mean>
<covariance>   1.0456e-07  -2.9235e-09  -1.4784e-10  -1.0122e-06
  -2.9235e-09   2.2074e-09   2.1624e-10   6.0717e-07
  -1.4784e-10   2.1624e-10   1.0005e-07   1.4408e-08
  -1.0122e-06   6.0717e-07   1.4408e-08   2.5080e-04
</covariance>
</state>
<state>
<time>4.5</time>
<index>50</index>
<mean>
 0.998603 0.0011171 0.000322699 0.120531 </mean>
<covariance>   1.0485e-07  -3.1470e-09  -1.7359e-10  -1.0474e-06
  -3.1470e-09   2.3675e-09   2.3522e-10   6.3796e-07
  -1.7359e-10   2.3522e-10   1.0005e-07   1.8745e-08
  -1.0474e-06   6.3796e-07   1.8745e-08   2.5252e-04
</covariance>
</state>
<state>
<time>4.6</time>
<index>51</index>
<mean>
 0.998589 0.00112257 0.000330678 0.120625 </mean>
<covariance>   1.0517e-07  -3.3819e-09  -2.0170e-10  -1.0832e-06
  -3.3819e-09   2.5368e-09   2.5596e-10   6.6924e-07
  -2.0170e-10   2.5596e-10   1.0006e-07   2.3302e-08
  -1.0832e-06   6.6924e-07   2.3302e-08   2.5424e-04
</covariance>
</state>
<state>
<time>4.7</time>
<index>52</index>
<mean>
 0.998576 0.00112807 0.000338697 0.120718 </mean>
<covariance>   1.0549e-07  -3.6287e-09  -2.3231e-10  -1.1197e-06
  -3.6287e-09   2.7156e-09   2.7857e-10   7.0101e-07
  -2.3231e-10   2.7857e-10   1.0006e-07   2.8082e-08
  -1.1197e-06   7.0101e-07   2.8082e-08   2.5596e-04
</covariance>
</state>
<state>
<time>4.8</time>
<index>53</index>
<mean>
 0.998562 0.00113361 0.000346754 0.12081 </mean>
<covariance>   1.0584e-07  -3.8876e-09  -2.6554e-10  -1.1570e-06
  -3.8876e-09   2.9042e-09   3.0316e-10   7.3327e-07
  -2.6554e-10   3.0316e-10   1.0007e-07   3.3089e-08
  -1.1570e-06   7.3327e-07   3.3089e-08   2.5768e-04
</covariance>
</state>
<state>
<time>4.9</time>
<index>54</index>
<mean>
 0.998549 0.00113919 0.000354852 0.120901 </mean>
<covariance>   1.0619e-07  -4.1591e-09  -3.0155e-10  -1.1950e-06
  -4.1591e-09   3.1028e-09   3.2983e-10   7.6603e-07
  -3.0155e-10   3.2983e-10   1.0007e-07   3.8327e-08
  -1.1950e-06   7.6603e-07   3.8327e-08   2.5940e-04
</covariance>
</state>
<state>
<time>5</time>
<index>55</index>
<mean>
 0.998535 0.00114481 0.000362989 0.120992 </mean>
<covariance>   1.0657e-07  -4.4436e-09  -3.4049e-10  -1.2338e-06
  -4.4436e-09   3.3119e-09   3.5871e-10   7.9929e-07
  -3.4049e-10   3.5871e-10   1.0007e-07   4.3799e-08
  -1.2338e-06   7.9929e-07   4.3799e-08   2.6112e-04
</covariance>
</state>
<state>
<time>5</time>
<index>56</index>
<measurement> 0.000320831</measurement>
<loglik>9.74676</loglik>
<mean>
 0.998544 0.00113808 0.00036226 0.119368 </mean>
<covariance>   1.0357e-07  -2.2099e-09  -9.8551e-11  -6.9465e-07
  -2.2099e-09   1.6470e-09   1.7839e-10   3.9750e-07
  -9.8551e-11   1.7839e-10   1.0006e-07   2.8062e-10
  -6.9465e-07   3.9750e-07   2.8062e-10   1.6415e-04
</covariance>
</state>
<state>
<time>5.1</time>
<index>57</index>
<mean>
 0.99853 0.00114351 0.000370389 0.119458 </mean>
<covariance>   1.0378e-07  -2.3657e-09  -1.1695e-10  -7.1804e-07
  -2.3657e-09   1.7556e-09   1.9141e-10   4.1804e-07
  -1.1695e-10   1.9141e-10   1.0006e-07   3.1199e-09
  -7.1804e-07   4.1804e-07   3.1199e-09   1.6587e-04
</covariance>
</state>
<state>
<time>5.2</time>
<index>58</index>
<mean>
 0.998517 0.00114898 0.000378557 0.119548 </mean>
<covariance>   1.0400e-07  -2.5293e-09  -1.3698e-10  -7.4195e-07
  -2.5293e-09   1.8705e-09   2.0563e-10   4.3897e-07
  -1.3698e-10   2.0563e-10   1.0006e-07   6.1059e-09
  -7.4195e-07   4.3897e-07   6.1059e-09   1.6759e-04
</covariance>
</state>
<state>
<time>5.3</time>
<index>59</index>
<mean>
 0.998503 0.00115449 0.000386764 0.119636 </mean>
<covariance>   1.0424e-07  -2.7009e-09  -1.5872e-10  -7.6641e-07
  -2.7009e-09   1.9918e-09   2.2109e-10   4.6029e-07
  -1.5872e-10   2.2109e-10   1.0006e-07   9.2414e-09
  -7.6641e-07   4.6029e-07   9.2414e-09   1.6931e-04
</covariance>
</state>
<state>
<time>5.4</time>
<index>60</index>
<mean>
 0.998489 0.00116004 0.00039501 0.119724 </mean>
<covariance>   1.0448e-07  -2.8809e-09  -1.8226e-10  -7.9141e-07
  -2.8809e-09   2.1198e-09   2.3789e-10   4.8201e-07
  -1.8226e-10   2.3789e-10   1.0007e-07   1.2529e-08
  -7.9141e-07   4.8201e-07   1.2529e-08   1.7103e-04
</covariance>
</state>
<state>
<time>5.5</time>
<index>61</index>
<mean>
 0.998475 0.00116562 0.000403296 0.119812 </mean>
<covariance>   1.0473e-07  -3.0694e-09  -2.0771e-10  -8.1697e-07
  -3.0694e-09   2.2547e-09   2.5610e-10   5.0413e-07
  -2.0771e-10   2.5610e-10   1.0007e-07   1.5972e-08
  -8.1697e-07   5.0413e-07   1.5972e-08   1.7274e-04
</covariance>
</state>
<state>
<time>5.6</time>
<index>62</index>
<mean>
 0.998461 0.00117124 0.000411622 0.119898 </mean>
<covariance>   1.0500e-07  -3.2669e-09  -2.3517e-10  -8.4310e-07
  -3.2669e-09   2.3966e-09   2.7579e-10   5.2665e-07
  -2.3517e-10   2.7579e-10   1.0007e-07   1.9573e-08
  -8.4310e-07   5.2665e-07   1.9573e-08   1.7446e-04
</covariance>
</state>
<state>
<time>5.7</time>
<index>63</index>
<mean>
 0.998447 0.00117689 0.000419988 0.119984 </mean>
<covariance>   1.0527e-07  -3.4736e-09  -2.6474e-10  -8.6979e-07
  -3.4736e-09   2.5459e-09   2.9705e-10   5.4958e-07
  -2.6474e-10   2.9705e-10   1.0008e-07   2.3335e-08
  -8.6979e-07   5.4958e-07   2.3335e-08   1.7618e-04
</covariance>
</state>
<state>
<time>5.8</time>
<index>64</index>
<mean>
 0.998433 0.00118259 0.000428394 0.120069 </mean>
<covariance>   1.0556e-07  -3.6898e-09  -2.9652e-10  -8.9707e-07
  -3.6898e-09   2.7027e-09   3.1996e-10   5.7293e-07
  -2.9652e-10   3.1996e-10   1.0008e-07   2.7260e-08
  -8.9707e-07   5.7293e-07   2.7260e-08   1.7790e-04
</covariance>
</state>
<state>
<time>5.9</time>
<index>65</index>
<mean>
 0.998419 0.00118832 0.000436841 0.120153 </mean>
<covariance>   1.0586e-07  -3.9159e-09  -3.3064e-10  -9.2493e-07
  -3.9159e-09   2.8673e-09   3.4460e-10   5.9670e-07
  -3.3064e-10   3.4460e-10   1.0009e-07   3.1353e-08
  -9.2493e-07   5.9670e-07   3.1353e-08   1.7962e-04
</covariance>
</state>
<state>
<time>6</time>
<index>66</index>
<mean>
 0.998405 0.00119408 0.000445329 0.120236 </mean>
<covariance>   1.0618e-07  -4.1521e-09  -3.6721e-10  -9.5339e-07
  -4.1521e-09   3.0398e-09   3.7108e-10   6.2090e-07
  -3.6721e-10   3.7108e-10   1.0009e-07   3.5615e-08
  -9.5339e-07   6.2090e-07   3.5615e-08   1.8134e-04
</covariance>
</state>
<state>
<time>6</time>
<index>67</index>
<measurement> 0.000359542</measurement>
<loglik>9.34627</loglik>
<mean>
 0.998358 0.00122807 0.000449479 0.127179 </mean>
<covariance>   1.0357e-07  -2.2410e-09  -1.3392e-10  -5.6304e-07
  -2.2410e-09   1.6407e-09   2.0028e-10   3.3511e-07
  -1.3392e-10   2.0028e-10   1.0007e-07   7.2930e-10
  -5.6304e-07   3.3511e-07   7.2930e-10   1.2297e-04
</covariance>
</state>
<state>
<time>6.1</time>
<index>68</index>
<mean>
 0.998343 0.00123489 0.000458251 0.127261 </mean>
<covariance>   1.0376e-07  -2.3855e-09  -1.5300e-10  -5.8236e-07
  -2.3855e-09   1.7434e-09   2.1356e-10   3.5204e-07
  -1.5300e-10   2.1356e-10   1.0007e-07   3.1230e-09
  -5.8236e-07   3.5204e-07   3.1230e-09   1.2469e-04
</covariance>
</state>
<state>
<time>6.2</time>
<index>69</index>
<mean>
 0.998327 0.00124176 0.000467071 0.127343 </mean>
<covariance>   1.0397e-07  -2.5372e-09  -1.7361e-10  -6.0220e-07
  -2.5372e-09   1.8519e-09   2.2796e-10   3.6936e-07
  -1.7361e-10   2.2796e-10   1.0008e-07   5.6376e-09
  -6.0220e-07   3.6936e-07   5.6376e-09   1.2641e-04
</covariance>
</state>
<state>
<time>6.3</time>
<index>70</index>
<mean>
 0.998311 0.00124868 0.000475941 0.127424 </mean>
<covariance>   1.0418e-07  -2.6966e-09  -1.9582e-10  -6.2255e-07
  -2.6966e-09   1.9666e-09   2.4355e-10   3.8708e-07
  -1.9582e-10   2.4355e-10   1.0008e-07   8.2759e-09
  -6.2255e-07   3.8708e-07   8.2759e-09   1.2813e-04
</covariance>
</state>
<state>
<time>6.4</time>
<index>71</index>
<mean>
 0.998295 0.00125564 0.00048486 0.127504 </mean>
<covariance>   1.0441e-07  -2.8638e-09  -2.1973e-10  -6.4344e-07
  -2.8638e-09   2.0875e-09   2.6041e-10   4.0520e-07
  -2.1973e-10   2.6041e-10   1.0008e-07   1.1041e-08
  -6.4344e-07   4.0520e-07   1.1041e-08   1.2985e-04
</covariance>
</state>
<state>
<time>6.5</time>
<index>72</index>
<mean>
 0.998279 0.00126266 0.000493829 0.127584 </mean>
<covariance>   1.0464e-07  -3.0392e-09  -2.4543e-10  -6.6486e-07
  -3.0392e-09   2.2150e-09   2.7860e-10   4.2373e-07
  -2.4543e-10   2.7860e-10   1.0009e-07   1.3935e-08
  -6.6486e-07   4.2373e-07   1.3935e-08   1.3157e-04
</covariance>
</state>
<state>
<time>6.6</time>
<index>73</index>
<mean>
 0.998263 0.00126972 0.000502848 0.127662 </mean>
<covariance>   1.0489e-07  -3.2231e-09  -2.7302e-10  -6.8683e-07
  -3.2231e-09   2.3492e-09   2.9820e-10   4.4268e-07
  -2.7302e-10   2.9820e-10   1.0009e-07   1.6962e-08
  -6.8683e-07   4.4268e-07   1.6962e-08   1.3329e-04
</covariance>
</state>
<state>
<time>6.7</time>
<index>74</index>
<mean>
 0.998247 0.00127683 0.000511917 0.12774 </mean>
<covariance>   1.0514e-07  -3.4159e-09  -3.0261e-10  -7.0936e-07
  -3.4159e-09   2.4905e-09   3.1929e-10   4.6204e-07
  -3.0261e-10   3.1929e-10   1.0010e-07   2.0124e-08
  -7.0936e-07   4.6204e-07   2.0124e-08   1.3500e-04
</covariance>
</state>
<state>
<time>6.8</time>
<index>75</index>
<mean>
 0.998231 0.00128399 0.000521038 0.127817 </mean>
<covariance>   1.0541e-07  -3.6178e-09  -3.3428e-10  -7.3245e-07
  -3.6178e-09   2.6391e-09   3.4195e-10   4.8183e-07
  -3.3428e-10   3.4195e-10   1.0010e-07   2.3424e-08
  -7.3245e-07   4.8183e-07   2.3424e-08   1.3672e-04
</covariance>
</state>
<state>
<time>6.9</time>
<index>76</index>
<mean>
 0.998215 0.00129121 0.000530209 0.127893 </mean>
<covariance>   1.0569e-07  -3.8292e-09  -3.6817e-10  -7.5611e-07
  -3.8292e-09   2.7951e-09   3.6627e-10   5.0204e-07
  -3.6817e-10   3.6627e-10   1.0011e-07   2.6866e-08
  -7.5611e-07   5.0204e-07   2.6866e-08   1.3844e-04
</covariance>
</state>
<state>
<time>7</time>
<index>77</index>
<mean>
 0.998198 0.00129847 0.000539432 0.127968 </mean>
<covariance>   1.0599e-07  -4.0504e-09  -4.0437e-10  -7.8035e-07
  -4.0504e-09   2.9590e-09   3.9232e-10   5.2270e-07
  -4.0437e-10   3.9232e-10   1.0011e-07   3.0452e-08
  -7.8035e-07   5.2270e-07   3.0452e-08   1.4016e-04
</covariance>
</state>
<state>
<time>7</time>
<index>78</index>
<measurement> 0.000376478</measurement>
<loglik>9.65838</loglik>
<mean>
 0.998182 0.00131051 0.000541028 0.130095 </mean>
<covariance>   1.0370e-07  -2.3798e-09  -1.8286e-10  -4.8523e-07
  -2.3798e-09   1.7385e-09   2.3051e-10   3.0711e-07
  -1.8286e-10   2.3051e-10   1.0009e-07   1.8668e-09
  -4.8523e-07   3.0711e-07   1.8668e-09   1.0208e-04
</covariance>
</state>
<state>
<time>7.1</time>
<index>79</index>
<mean>
 0.998165 0.00131816 0.000550389 0.130169 </mean>
<covariance>   1.0389e-07  -2.5208e-09  -2.0354e-10  -5.0256e-07
  -2.5208e-09   1.8414e-09   2.4487e-10   3.2225e-07
  -2.0354e-10   2.4487e-10   1.0009e-07   4.0604e-09
  -5.0256e-07   3.2225e-07   4.0604e-09   1.0380e-04
</covariance>
</state>
<state>
<time>7.2</time>
<index>80</index>
<mean>
 0.998147 0.00132588 0.000559805 0.130243 </mean>
<covariance>   1.0408e-07  -2.6689e-09  -2.2573e-10  -5.2040e-07
  -2.6689e-09   1.9500e-09   2.6037e-10   3.3778e-07
  -2.2573e-10   2.6037e-10   1.0010e-07   6.3622e-09
  -5.2040e-07   3.3778e-07   6.3622e-09   1.0552e-04
</covariance>
</state>
<state>
<time>7.3</time>
<index>81</index>
<mean>
 0.99813 0.00133364 0.000569275 0.130315 </mean>
<covariance>   1.0429e-07  -2.8244e-09  -2.4952e-10  -5.3875e-07
  -2.8244e-09   2.0646e-09   2.7706e-10   3.5372e-07
  -2.4952e-10   2.7706e-10   1.0010e-07   8.7749e-09
  -5.3875e-07   3.5372e-07   8.7749e-09   1.0724e-04
</covariance>
</state>
<state>
<time>7.4</time>
<index>82</index>
<mean>
 0.998113 0.00134146 0.000578801 0.130387 </mean>
<covariance>   1.0451e-07  -2.9877e-09  -2.7499e-10  -5.5761e-07
  -2.9877e-09   2.1854e-09   2.9502e-10   3.7006e-07
  -2.7499e-10   2.9502e-10   1.0011e-07   1.1301e-08
  -5.5761e-07   3.7006e-07   1.1301e-08   1.0896e-04
</covariance>
</state>
<state>
<time>7.5</time>
<index>83</index>
<mean>
 0.998095 0.00134934 0.000588383 0.130458 </mean>
<covariance>   1.0473e-07  -3.1591e-09  -3.0223e-10  -5.7701e-07
  -3.1591e-09   2.3126e-09   3.1431e-10   3.8681e-07
  -3.0223e-10   3.1431e-10   1.0011e-07   1.3945e-08
  -5.7701e-07   3.8681e-07   1.3945e-08   1.1067e-04
</covariance>
</state>
<state>
<time>7.6</time>
<index>84</index>
<mean>
 0.998078 0.00135727 0.000598021 0.130527 </mean>
<covariance>   1.0497e-07  -3.3388e-09  -3.3135e-10  -5.9694e-07
  -3.3388e-09   2.4466e-09   3.3502e-10   4.0398e-07
  -3.3135e-10   3.3502e-10   1.0011e-07   1.6708e-08
  -5.9694e-07   4.0398e-07   1.6708e-08   1.1239e-04
</covariance>
</state>
<state>
<time>7.7</time>
<index>85</index>
<mean>
 0.99806 0.00136526 0.000607716 0.130596 </mean>
<covariance>   1.0522e-07  -3.5273e-09  -3.6244e-10  -6.1742e-07
  -3.5273e-09   2.5875e-09   3.5722e-10   4.2157e-07
  -3.6244e-10   3.5722e-10   1.0012e-07   1.9593e-08
  -6.1742e-07   4.2157e-07   1.9593e-08   1.1411e-04
</covariance>
</state>
<state>
<time>7.8</time>
<index>86</index>
<mean>
 0.998042 0.0013733 0.000617468 0.130665 </mean>
<covariance>   1.0548e-07  -3.7248e-09  -3.9561e-10  -6.3845e-07
  -3.7248e-09   2.7356e-09   3.8099e-10   4.3959e-07
  -3.9561e-10   3.8099e-10   1.0012e-07   2.2604e-08
  -6.3845e-07   4.3959e-07   2.2604e-08   1.1583e-04
</covariance>
</state>
<state>
<time>7.9</time>
<index>87</index>
<mean>
 0.998024 0.0013814 0.000627277 0.130732 </mean>
<covariance>   1.0575e-07  -3.9318e-09  -4.3096e-10  -6.6005e-07
  -3.9318e-09   2.8913e-09   4.0641e-10   4.5805e-07
  -4.3096e-10   4.0641e-10   1.0013e-07   2.5744e-08
  -6.6005e-07   4.5805e-07   2.5744e-08   1.1755e-04
</covariance>
</state>
<state>
<time>8</time>
<index>88</index>
<mean>
 0.998006 0.00138956 0.000637144 0.130798 </mean>
<covariance>   1.0604e-07  -4.1486e-09  -4.6860e-10  -6.8222e-07
  -4.1486e-09   3.0546e-09   4.3358e-10   4.7695e-07
  -4.6860e-10   4.3358e-10   1.0014e-07   2.9016e-08
  -6.8222e-07   4.7695e-07   2.9016e-08   1.1927e-04
</covariance>
</state>
<state>
<time>8</time>
<index>89</index>
<measurement> 0.000365294</measurement>
<loglik>9.01922</loglik>
<mean>
 0.99806 0.00135028 0.00063157 0.124665 </mean>
<covariance>   1.0386e-07  -2.5408e-09  -2.4039e-10  -4.3118e-07
  -2.5408e-09   1.8708e-09   2.6554e-10   2.9210e-07
  -2.4039e-10   2.6554e-10   1.0011e-07   2.7793e-09
  -4.3118e-07   2.9210e-07   2.7793e-09   9.0410e-05
</covariance>
</state>
<state>
<time>8.1</time>
<index>90</index>
<mean>
 0.998043 0.00135744 0.000641214 0.124731 </mean>
<covariance>   1.0403e-07  -2.6756e-09  -2.6266e-10  -4.4699e-07
  -2.6756e-09   1.9714e-09   2.8104e-10   3.0583e-07
  -2.6266e-10   2.8104e-10   1.0012e-07   4.8657e-09
  -4.4699e-07   3.0583e-07   4.8657e-09   9.2129e-05
</covariance>
</state>
<state>
<time>8.2</time>
<index>91</index>
<mean>
 0.998026 0.00136464 0.00065091 0.124795 </mean>
<covariance>   1.0422e-07  -2.8171e-09  -2.8640e-10  -4.6327e-07
  -2.8171e-09   2.0773e-09   2.9763e-10   3.1992e-07
  -2.8640e-10   2.9763e-10   1.0012e-07   7.0502e-09
  -4.6327e-07   3.1992e-07   7.0502e-09   9.3848e-05
</covariance>
</state>
<state>
<time>8.3</time>
<index>92</index>
<mean>
 0.998009 0.00137189 0.000660658 0.124859 </mean>
<covariance>   1.0442e-07  -2.9655e-09  -3.1168e-10  -4.8003e-07
  -2.9655e-09   2.1886e-09   3.1540e-10   3.3440e-07
  -3.1168e-10   3.1540e-10   1.0012e-07   9.3354e-09
  -4.8003e-07   3.3440e-07   9.3354e-09   9.5568e-05
</covariance>
</state>
<state>
<time>8.4</time>
<index>93</index>
<mean>
 0.997992 0.00137918 0.000670457 0.124921 </mean>
<covariance>   1.0462e-07  -3.1209e-09  -3.3858e-10  -4.9727e-07
  -3.1209e-09   2.3057e-09   3.3439e-10   3.4925e-07
  -3.3858e-10   3.3439e-10   1.0013e-07   1.1724e-08
  -4.9727e-07   3.4925e-07   1.1724e-08   9.7287e-05
</covariance>
</state>
<state>
<time>8.5</time>
<index>94</index>
<mean>
 0.997975 0.00138653 0.000680308 0.124983 </mean>
<covariance>   1.0484e-07  -3.2838e-09  -3.6720e-10  -5.1501e-07
  -3.2838e-09   2.4287e-09   3.5468e-10   3.6449e-07
  -3.6720e-10   3.5468e-10   1.0013e-07   1.4219e-08
  -5.1501e-07   3.6449e-07   1.4219e-08   9.9006e-05
</covariance>
</state>
<state>
<time>8.6</time>
<index>95</index>
<mean>
 0.997957 0.00139392 0.000690212 0.125043 </mean>
<covariance>   1.0506e-07  -3.4544e-09  -3.9762e-10  -5.3325e-07
  -3.4544e-09   2.5579e-09   3.7633e-10   3.8013e-07
  -3.9762e-10   3.7633e-10   1.0014e-07   1.6822e-08
  -5.3325e-07   3.8013e-07   1.6822e-08   1.0073e-04
</covariance>
</state>
<state>
<time>8.7</time>
<index>96</index>
<mean>
 0.99794 0.00140136 0.000700169 0.125103 </mean>
<covariance>   1.0530e-07  -3.6329e-09  -4.2993e-10  -5.5199e-07
  -3.6329e-09   2.6934e-09   3.9942e-10   3.9616e-07
  -4.2993e-10   3.9942e-10   1.0014e-07   1.9537e-08
  -5.5199e-07   3.9616e-07   1.9537e-08   1.0244e-04
</covariance>
</state>
<state>
<time>8.8</time>
<index>97</index>
<mean>
 0.997923 0.00140884 0.000710178 0.125161 </mean>
<covariance>   1.0554e-07  -3.8198e-09  -4.6422e-10  -5.7126e-07
  -3.8198e-09   2.8355e-09   4.2401e-10   4.1259e-07
  -4.6422e-10   4.2401e-10   1.0015e-07   2.2367e-08
  -5.7126e-07   4.1259e-07   2.2367e-08   1.0416e-04
</covariance>
</state>
<state>
<time>8.9</time>
<index>98</index>
<mean>
 0.997905 0.00141638 0.000720242 0.125219 </mean>
<covariance>   1.0580e-07  -4.0153e-09  -5.0061e-10  -5.9104e-07
  -4.0153e-09   2.9845e-09   4.5019e-10   4.2943e-07
  -5.0061e-10   4.5019e-10   1.0016e-07   2.5314e-08
  -5.9104e-07   4.2943e-07   2.5314e-08   1.0588e-04
</covariance>
</state>
<state>
<time>9</time>
<index>99</index>
<mean>
 0.997887 0.00142396 0.000730358 0.125276 </mean>
<covariance>   1.0607e-07  -4.2198e-09  -5.3918e-10  -6.1137e-07
  -4.2198e-09   3.1405e-09   4.7803e-10   4.4669e-07
  -5.3918e-10   4.7803e-10   1.0016e-07   2.8381e-08
  -6.1137e-07   4.4669e-07   2.8381e-08   1.0760e-04
</covariance>
</state>
<state>
<time>9</time>
<index>100</index>
<measurement> 0.000404617</measurement>
<loglik>9.64983</loglik>
<mean>
 0.997886 0.00142508 0.000730529 0.125435 </mean>
<covariance>   1.0390e-07  -2.6056e-09  -2.9347e-10  -3.8177e-07
  -2.6056e-09   1.9391e-09   2.9517e-10   2.7581e-07
  -2.9347e-10   2.9517e-10   1.0014e-07   2.3717e-09
  -3.8177e-07   2.7581e-07   2.3717e-09   8.3298e-05
</covariance>
</state>
<state>
<time>9.1</time>
<index>101</index>
<mean>
 0.997868 0.00143274 0.000740708 0.125491 </mean>
<covariance>   1.0407e-07  -2.7380e-09  -3.1656e-10  -3.9706e-07
  -2.7380e-09   2.0405e-09   3.1129e-10   2.8913e-07
  -3.1656e-10   3.1129e-10   1.0014e-07   4.3418e-09
  -3.9706e-07   2.8913e-07   4.3418e-09   8.5018e-05
</covariance>
</state>
<state>
<time>9.2</time>
<index>102</index>
<mean>
 0.99785 0.00144044 0.000750942 0.125546 </mean>
<covariance>   1.0425e-07  -2.8770e-09  -3.4111e-10  -4.1283e-07
  -2.8770e-09   2.1473e-09   3.2853e-10   3.0284e-07
  -3.4111e-10   3.2853e-10   1.0014e-07   6.4070e-09
  -4.1283e-07   3.0284e-07   6.4070e-09   8.6737e-05
</covariance>
</state>
<state>
<time>9.3</time>
<index>103</index>
<mean>
 0.997832 0.0014482 0.000761231 0.125599 </mean>
<covariance>   1.0444e-07  -3.0231e-09  -3.6719e-10  -4.2908e-07
  -3.0231e-09   2.2597e-09   3.4694e-10   3.1693e-07
  -3.6719e-10   3.4694e-10   1.0015e-07   8.5701e-09
  -4.2908e-07   3.1693e-07   8.5701e-09   8.8456e-05
</covariance>
</state>
<state>
<time>9.4</time>
<index>104</index>
<mean>
 0.997814 0.00145601 0.000771575 0.125652 </mean>
<covariance>   1.0464e-07  -3.1763e-09  -3.9489e-10  -4.4583e-07
  -3.1763e-09   2.3779e-09   3.6660e-10   3.3141e-07
  -3.9489e-10   3.6660e-10   1.0015e-07   1.0834e-08
  -4.4583e-07   3.3141e-07   1.0834e-08   9.0176e-05
</covariance>
</state>
<state>
<time>9.5</time>
<index>105</index>
<mean>
 0.997796 0.00146386 0.000781975 0.125704 </mean>
<covariance>   1.0485e-07  -3.3372e-09  -4.2430e-10  -4.6307e-07
  -3.3372e-09   2.5022e-09   3.8756e-10   3.4629e-07
  -4.2430e-10   3.8756e-10   1.0016e-07   1.3201e-08
  -4.6307e-07   3.4629e-07   1.3201e-08   9.1895e-05
</covariance>
</state>
<state>
<time>9.6</time>
<index>106</index>
<mean>
 0.997777 0.00147177 0.000792432 0.125754 </mean>
<covariance>   1.0507e-07  -3.5058e-09  -4.5550e-10  -4.8083e-07
  -3.5058e-09   2.6329e-09   4.0991e-10   3.6157e-07
  -4.5550e-10   4.0991e-10   1.0017e-07   1.5675e-08
  -4.8083e-07   3.6157e-07   1.5675e-08   9.3614e-05
</covariance>
</state>
<state>
<time>9.7</time>
<index>107</index>
<mean>
 0.997759 0.00147972 0.000802944 0.125804 </mean>
<covariance>   1.0530e-07  -3.6827e-09  -4.8860e-10  -4.9911e-07
  -3.6827e-09   2.7701e-09   4.3370e-10   3.7727e-07
  -4.8860e-10   4.3370e-10   1.0017e-07   1.8257e-08
  -4.9911e-07   3.7727e-07   1.8257e-08   9.5333e-05
</covariance>
</state>
<state>
<time>9.8</time>
<index>108</index>
<mean>
 0.99774 0.00148772 0.000813514 0.125853 </mean>
<covariance>   1.0554e-07  -3.8680e-09  -5.2368e-10  -5.1791e-07
  -3.8680e-09   2.9141e-09   4.5903e-10   3.9337e-07
  -5.2368e-10   4.5903e-10   1.0018e-07   2.0952e-08
  -5.1791e-07   3.9337e-07   2.0952e-08   9.7053e-05
</covariance>
</state>
<state>
<time>9.9</time>
<index>109</index>
<mean>
 0.997721 0.00149578 0.00082414 0.1259 </mean>
<covariance>   1.0579e-07  -4.0621e-09  -5.6085e-10  -5.3724e-07
  -4.0621e-09   3.0651e-09   4.8595e-10   4.0990e-07
  -5.6085e-10   4.8595e-10   1.0018e-07   2.3762e-08
  -5.3724e-07   4.0990e-07   2.3762e-08   9.8772e-05
</covariance>
</state>
<state>
<time>10</time>
<index>110</index>
<mean>
 0.997703 0.00150388 0.000834824 0.125947 </mean>
<covariance>   1.0605e-07  -4.2654e-09  -6.0022e-10  -5.5712e-07
  -4.2654e-09   3.2235e-09   5.1457e-10   4.2685e-07
  -6.0022e-10   5.1457e-10   1.0019e-07   2.6690e-08
  -5.5712e-07   4.2685e-07   2.6690e-08   1.0049e-04
</covariance>
</state>
<state>
<time>10</time>
<index>111</index>
<measurement> 0.000475053</measurement>
<loglik>7.95659</loglik>
<mean>
 0.99762 0.00156612 0.000844759 0.134188 </mean>
<covariance>   1.0400e-07  -2.7166e-09  -3.5298e-10  -3.5204e-07
  -2.7166e-09   2.0530e-09   3.2773e-10   2.7186e-07
  -3.5298e-10   3.2773e-10   1.0016e-07   1.9482e-09
  -3.5204e-07   2.7186e-07   1.9482e-09   7.9968e-05
</covariance>
</state>
<state>
<time>10.1</time>
<index>112</index>
<mean>
 0.997599 0.0015759 0.000855946 0.134234 </mean>
<covariance>   1.0418e-07  -2.8593e-09  -3.7757e-10  -3.6816e-07
  -2.8593e-09   2.1661e-09   3.4513e-10   2.8605e-07
  -3.7757e-10   3.4513e-10   1.0017e-07   3.8901e-09
  -3.6816e-07   2.8605e-07   3.8901e-09   8.1687e-05
