<?xml version="1.0"?>
<root>
<parameters> 0.214343 0.122267 0.00119274</parameters>
<dataPoints>365</dataPoints>
<states>
<state>
<time>0</time>
<index>0</index>
<mean>
 0.999 0.001 0 0.155 </mean>
<covariance>   1.0000e-07            0            0            0
            0   1.0000e-07            0            0
            0            0   1.0000e-07            0
            0            0            0   1.0000e-03
</covariance>
</state>
<state>
<time>0</time>
<index>1</index>
<measurement> 0.000283836</measurement>
<loglik>8.1552</loglik>
<mean>
 0.999 0.0013163 0 0.155 </mean>
<covariance>   1.0000e-07            0            0            0
            0   2.4390e-09            0            0
            0            0   1.0000e-07            0
            0            0            0   1.0000e-03
</covariance>
</state>
<state>
<time>0.1</time>
<index>2</index>
<mean>
 0.998793 0.00119878 8.51956e-06 0.122267 </mean>
<covariance>   1.0001e-07  -5.3334e-11  -2.6977e-13  -1.3150e-07
  -5.3334e-11   2.4972e-09   1.7567e-11   1.3150e-07
  -2.6977e-13   1.7567e-11   1.0000e-07            0
  -1.3150e-07   1.3150e-07            0   1.0006e-03
</covariance>
</state>
<state>
<time>0.2</time>
<index>3</index>
<mean>
 0.998778 0.00120486 1.70823e-05 0.122267 </mean>
<covariance>   1.0006e-07  -1.2889e-10  -1.1955e-12  -2.5291e-07
  -1.2889e-10   2.5686e-09   3.5696e-11   2.5197e-07
  -1.1955e-12   3.5696e-11   1.0000e-07   9.3928e-10
  -2.5291e-07   2.5197e-07   9.3928e-10   1.0012e-03
</covariance>
</state>
<state>
<time>0.3</time>
<index>4</index>
<mean>
 0.998763 0.00121097 2.56885e-05 0.122267 </mean>
<covariance>   1.0014e-07  -2.3538e-10  -3.1057e-12  -3.7647e-07
  -2.3538e-10   2.6701e-09   5.4646e-11   3.7373e-07
  -3.1057e-12   5.4646e-11   1.0000e-07   2.7391e-09
  -3.7647e-07   3.7373e-07   2.7391e-09   1.0019e-03
</covariance>
</state>
<state>
<time>0.4</time>
<index>5</index>
<mean>
 0.998749 0.00121711 3.43382e-05 0.122267 </mean>
<covariance>   1.0025e-07  -3.7403e-10  -6.3413e-12  -5.0221e-07
  -3.7403e-10   2.8028e-09   7.4746e-11   4.9680e-07
  -6.3413e-12   7.4746e-11   1.0000e-07   5.4086e-09
  -5.0221e-07   4.9680e-07   5.4086e-09   1.0025e-03
</covariance>
</state>
<state>
<time>0.5</time>
<index>6</index>
<mean>
 0.998734 0.00122328 4.30318e-05 0.122267 </mean>
<covariance>   1.0039e-07  -5.4612e-10  -1.1259e-11  -6.3013e-07
  -5.4612e-10   2.9674e-09   9.6335e-11   6.2117e-07
  -1.1259e-11   9.6335e-11   1.0000e-07   8.9572e-09
  -6.3013e-07   6.2117e-07   8.9572e-09   1.0031e-03
</covariance>
</state>
<state>
<time>0.6</time>
<index>7</index>
<mean>
 0.998719 0.00122948 5.17695e-05 0.122267 </mean>
<covariance>   1.0057e-07  -7.5295e-10  -1.8231e-11  -7.6026e-07
  -7.5295e-10   3.1651e-09   1.1976e-10   7.4686e-07
  -1.8231e-11   1.1976e-10   1.0000e-07   1.3394e-08
  -7.6026e-07   7.4686e-07   1.3394e-08   1.0037e-03
</covariance>
</state>
<state>
<time>0.7</time>
<index>8</index>
<mean>
 0.998704 0.00123571 6.05515e-05 0.122267 </mean>
<covariance>   1.0079e-07  -9.9586e-10  -2.7647e-11  -8.9262e-07
  -9.9586e-10   3.3967e-09   1.4539e-10   8.7389e-07
  -2.7647e-11   1.4539e-10   1.0001e-07   1.8729e-08
  -8.9262e-07   8.7389e-07   1.8729e-08   1.0044e-03
</covariance>
</state>
<state>
<time>0.8</time>
<index>9</index>
<mean>
 0.998689 0.00124197 6.9378e-05 0.122267 </mean>
<covariance>   1.0105e-07  -1.2762e-09  -3.9913e-11  -1.0272e-06
  -1.2762e-09   3.6633e-09   1.7359e-10   1.0023e-06
  -3.9913e-11   1.7359e-10   1.0001e-07   2.4971e-08
  -1.0272e-06   1.0023e-06   2.4971e-08   1.0050e-03
</covariance>
</state>
<state>
<time>0.9</time>
<index>10</index>
<mean>
 0.998673 0.00124826 7.82492e-05 0.122267 </mean>
<covariance>   1.0135e-07  -1.5954e-09  -5.5453e-11  -1.1641e-06
  -1.5954e-09   3.9658e-09   2.0476e-10   1.1320e-06
  -5.5453e-11   2.0476e-10   1.0001e-07   3.2130e-08
  -1.1641e-06   1.1320e-06   3.2130e-08   1.0056e-03
</covariance>
</state>
<state>
<time>1</time>
<index>11</index>
<mean>
 0.998658 0.00125459 8.71653e-05 0.122267 </mean>
<covariance>   1.0170e-07  -1.9549e-09  -7.4707e-11  -1.3033e-06
  -1.9549e-09   4.3053e-09   2.3928e-10   1.2631e-06
  -7.4707e-11   2.3928e-10   1.0001e-07   4.0215e-08
  -1.3033e-06   1.2631e-06   4.0215e-08   1.0062e-03
</covariance>
</state>
<state>
<time>1</time>
<index>12</index>
<measurement> 0.000272044</measurement>
<loglik>9.9154</loglik>
<mean>
 0.998655 0.00126222 8.75895e-05 0.124506 </mean>
<covariance>   1.0124e-07  -9.3352e-10  -1.7942e-11  -1.0036e-06
  -9.3352e-10   2.0559e-09   1.1426e-10   6.0314e-07
  -1.7942e-11   1.1426e-10   1.0001e-07   3.5395e-09
  -1.0036e-06   6.0314e-07   3.5395e-09   8.1265e-04
</covariance>
</state>
<state>
<time>1.1</time>
<index>13</index>
<mean>
 0.998639 0.0012689 9.66054e-05 0.124506 </mean>
<covariance>   1.0152e-07  -1.1793e-09  -2.7202e-11  -1.1135e-06
  -1.1793e-09   2.2435e-09   1.3062e-10   7.0876e-07
  -2.7202e-11   1.3062e-10   1.0001e-07   7.8477e-09
  -1.1135e-06   7.0876e-07   7.8477e-09   8.1328e-04
</covariance>
</state>
<state>
<time>1.2</time>
<index>14</index>
<mean>
 0.998623 0.00127561 0.000105669 0.124506 </mean>
<covariance>   1.0185e-07  -1.4576e-09  -3.9084e-11  -1.2254e-06
  -1.4576e-09   2.4609e-09   1.4905e-10   8.1554e-07
  -3.9084e-11   1.4905e-10   1.0001e-07   1.2910e-08
  -1.2254e-06   8.1554e-07   1.2910e-08   8.1390e-04
</covariance>
</state>
<state>
<time>1.3</time>
<index>15</index>
<mean>
 0.998607 0.00128236 0.000114781 0.124506 </mean>
<covariance>   1.0221e-07  -1.7694e-09  -5.3953e-11  -1.3392e-06
  -1.7694e-09   2.7090e-09   1.6990e-10   9.2352e-07
  -5.3953e-11   1.6990e-10   1.0001e-07   1.8736e-08
  -1.3392e-06   9.2352e-07   1.8736e-08   8.1453e-04
</covariance>
</state>
<state>
<time>1.4</time>
<index>16</index>
<mean>
 0.998592 0.00128915 0.00012394 0.124506 </mean>
<covariance>   1.0261e-07  -2.1162e-09  -7.2188e-11  -1.4550e-06
  -2.1162e-09   2.9888e-09   1.9349e-10   1.0327e-06
  -7.2188e-11   1.9349e-10   1.0002e-07   2.5332e-08
  -1.4550e-06   1.0327e-06   2.5332e-08   8.1515e-04
</covariance>
</state>
<state>
<time>1.5</time>
<index>17</index>
<mean>
 0.998575 0.00129597 0.000133148 0.124506 </mean>
<covariance>   1.0305e-07  -2.4992e-09  -9.4184e-11  -1.5727e-06
  -2.4992e-09   3.3012e-09   2.2019e-10   1.1431e-06
  -9.4184e-11   2.2019e-10   1.0002e-07   3.2708e-08
  -1.5727e-06   1.1431e-06   3.2708e-08   8.1578e-04
</covariance>
</state>
<state>
<time>1.6</time>
<index>18</index>
<mean>
 0.998559 0.00130282 0.000142405 0.124506 </mean>
<covariance>   1.0353e-07  -2.9197e-09  -1.2035e-10  -1.6925e-06
  -2.9197e-09   3.6473e-09   2.5035e-10   1.2547e-06
  -1.2035e-10   2.5035e-10   1.0002e-07   4.0873e-08
  -1.6925e-06   1.2547e-06   4.0873e-08   8.1640e-04
</covariance>
</state>
<state>
<time>1.7</time>
<index>19</index>
<mean>
 0.998543 0.00130971 0.000151711 0.124506 </mean>
<covariance>   1.0406e-07  -3.3791e-09  -1.5113e-10  -1.8143e-06
  -3.3791e-09   4.0278e-09   2.8434e-10   1.3675e-06
  -1.5113e-10   2.8434e-10   1.0003e-07   4.9835e-08
  -1.8143e-06   1.3675e-06   4.9835e-08   8.1703e-04
</covariance>
</state>
<state>
<time>1.8</time>
<index>20</index>
<mean>
 0.998527 0.00131664 0.000161066 0.124506 </mean>
<covariance>   1.0464e-07  -3.8788e-09  -1.8695e-10  -1.9381e-06
  -3.8788e-09   4.4440e-09   3.2256e-10   1.4815e-06
  -1.8695e-10   3.2256e-10   1.0003e-07   5.9603e-08
  -1.9381e-06   1.4815e-06   5.9603e-08   8.1765e-04
</covariance>
</state>
<state>
<time>1.9</time>
<index>21</index>
<mean>
 0.998511 0.00132361 0.000170471 0.124506 </mean>
<covariance>   1.0526e-07  -4.4202e-09  -2.2828e-10  -2.0640e-06
  -4.4202e-09   4.8967e-09   3.6540e-10   1.5968e-06
  -2.2828e-10   3.6540e-10   1.0004e-07   7.0185e-08
  -2.0640e-06   1.5968e-06   7.0185e-08   8.1828e-04
</covariance>
</state>
<state>
<time>2</time>
<index>22</index>
<mean>
 0.998494 0.00133061 0.000179925 0.124506 </mean>
<covariance>   1.0593e-07  -5.0048e-09  -2.7561e-10  -2.1919e-06
  -5.0048e-09   5.3871e-09   4.1327e-10   1.7134e-06
  -2.7561e-10   4.1327e-10   1.0004e-07   8.1591e-08
  -2.1919e-06   1.7134e-06   8.1591e-08   8.1890e-04
</covariance>
</state>
<state>
<time>2</time>
<index>23</index>
<measurement> 0.000285117</measurement>
<loglik>9.84099</loglik>
<mean>
 0.998494 0.00133038 0.000179908 0.124433 </mean>
<covariance>   1.0338e-07  -2.2574e-09  -6.4841e-11  -1.3181e-06
  -2.2574e-09   2.4298e-09   1.8640e-10   7.7282e-07
  -6.4841e-11   1.8640e-10   1.0002e-07   9.4349e-09
  -1.3181e-06   7.7282e-07   9.4349e-09   5.1975e-04
</covariance>
</state>
<state>
<time>2.1</time>
<index>24</index>
<mean>
 0.998478 0.0013374 0.00018941 0.124433 </mean>
<covariance>   1.0379e-07  -2.5867e-09  -8.5483e-11  -1.3967e-06
  -2.5867e-09   2.6711e-09   2.0682e-10   8.4592e-07
  -8.5483e-11   2.0682e-10   1.0003e-07   1.4955e-08
  -1.3967e-06   8.4592e-07   1.4955e-08   5.2037e-04
</covariance>
</state>
<state>
<time>2.2</time>
<index>25</index>
<mean>
 0.998461 0.00134447 0.000198963 0.124433 </mean>
<covariance>   1.0424e-07  -2.9427e-09  -1.0957e-10  -1.4767e-06
  -2.9427e-09   2.9357e-09   2.2990e-10   9.1985e-07
  -1.0957e-10   2.2990e-10   1.0003e-07   2.0997e-08
  -1.4767e-06   9.1985e-07   2.0997e-08   5.2100e-04
</covariance>
</state>
<state>
<time>2.3</time>
<index>26</index>
<mean>
 0.998444 0.00135157 0.000208566 0.124433 </mean>
<covariance>   1.0472e-07  -3.3264e-09  -1.3740e-10  -1.5580e-06
  -3.3264e-09   3.2243e-09   2.5589e-10   9.9463e-07
  -1.3740e-10   2.5589e-10   1.0003e-07   2.7568e-08
  -1.5580e-06   9.9463e-07   2.7568e-08   5.2162e-04
</covariance>
</state>
<state>
<time>2.4</time>
<index>27</index>
<mean>
 0.998428 0.00135871 0.000218221 0.124433 </mean>
<covariance>   1.0523e-07  -3.7387e-09  -1.6930e-10  -1.6408e-06
  -3.7387e-09   3.5377e-09   2.8507e-10   1.0702e-06
  -1.6930e-10   2.8507e-10   1.0004e-07   3.4672e-08
  -1.6408e-06   1.0702e-06   3.4672e-08   5.2225e-04
</covariance>
</state>
<state>
<time>2.5</time>
<index>28</index>
<mean>
 0.998411 0.00136588 0.000227926 0.124433 </mean>
<covariance>   1.0578e-07  -4.1807e-09  -2.0560e-10  -1.7249e-06
  -4.1807e-09   3.8765e-09   3.1771e-10   1.1467e-06
  -2.0560e-10   3.1771e-10   1.0004e-07   4.2317e-08
  -1.7249e-06   1.1467e-06   4.2317e-08   5.2287e-04
</covariance>
</state>
<state>
<time>2.6</time>
<index>29</index>
<mean>
 0.998394 0.00137309 0.000237682 0.124433 </mean>
<covariance>   1.0637e-07  -4.6535e-09  -2.4664e-10  -1.8104e-06
  -4.6535e-09   4.2416e-09   3.5411e-10   1.2240e-06
  -2.4664e-10   3.5411e-10   1.0005e-07   5.0508e-08
  -1.8104e-06   1.2240e-06   5.0508e-08   5.2350e-04
</covariance>
</state>
<state>
<time>2.7</time>
<index>30</index>
<mean>
 0.998377 0.00138034 0.00024749 0.124433 </mean>
<covariance>   1.0699e-07  -5.1579e-09  -2.9277e-10  -1.8973e-06
  -5.1579e-09   4.6335e-09   3.9456e-10   1.3022e-06
  -2.9277e-10   3.9456e-10   1.0005e-07   5.9251e-08
  -1.8973e-06   1.3022e-06   5.9251e-08   5.2412e-04
</covariance>
</state>
<state>
<time>2.8</time>
<index>31</index>
<mean>
 0.99836 0.00138763 0.000257349 0.124433 </mean>
<covariance>   1.0765e-07  -5.6951e-09  -3.4437e-10  -1.9857e-06
  -5.6951e-09   5.0532e-09   4.3935e-10   1.3813e-06
  -3.4437e-10   4.3935e-10   1.0006e-07   6.8552e-08
  -1.9857e-06   1.3813e-06   6.8552e-08   5.2475e-04
</covariance>
</state>
<state>
<time>2.9</time>
<index>32</index>
<mean>
 0.998342 0.00139496 0.000267261 0.124433 </mean>
<covariance>   1.0835e-07  -6.2662e-09  -4.0181e-10  -2.0755e-06
  -6.2662e-09   5.5013e-09   4.8881e-10   1.4613e-06
  -4.0181e-10   4.8881e-10   1.0006e-07   7.8419e-08
  -2.0755e-06   1.4613e-06   7.8419e-08   5.2537e-04
</covariance>
</state>
<state>
<time>3</time>
<index>33</index>
<mean>
 0.998325 0.00140232 0.000277225 0.124433 </mean>
<covariance>   1.0910e-07  -6.8724e-09  -4.6550e-10  -2.1668e-06
  -6.8724e-09   5.9786e-09   5.4326e-10   1.5421e-06
  -4.6550e-10   5.4326e-10   1.0007e-07   8.8857e-08
  -2.1668e-06   1.5421e-06   8.8857e-08   5.2600e-04
</covariance>
</state>
<state>
<time>3</time>
<index>34</index>
<measurement> 0.000307023</measurement>
<loglik>9.74724</loglik>
<mean>
 0.998306 0.00141882 0.000278724 0.128689 </mean>
<covariance>   1.0477e-07  -3.1011e-09  -1.2281e-10  -1.1941e-06
  -3.1011e-09   2.6978e-09   2.4515e-10   6.9587e-07
  -1.2281e-10   2.4515e-10   1.0004e-07   1.1961e-08
  -1.1941e-06   6.9587e-07   1.1961e-08   3.0772e-04
</covariance>
</state>
<state>
<time>3.1</time>
<index>35</index>
<mean>
 0.998288 0.00142692 0.000288859 0.128689 </mean>
<covariance>   1.0519e-07  -3.4274e-09  -1.5076e-10  -1.2466e-06
  -3.4274e-09   2.9330e-09   2.6832e-10   7.4341e-07
  -1.5076e-10   2.6832e-10   1.0005e-07   1.6931e-08
  -1.2466e-06   7.4341e-07   1.6931e-08   3.0835e-04
</covariance>
</state>
<state>
<time>3.2</time>
<index>36</index>
<mean>
 0.998269 0.00143506 0.000299051 0.128689 </mean>
<covariance>   1.0564e-07  -3.7745e-09  -1.8212e-10  -1.3000e-06
  -3.7745e-09   3.1857e-09   2.9408e-10   7.9155e-07
  -1.8212e-10   2.9408e-10   1.0005e-07   2.2241e-08
  -1.3000e-06   7.9155e-07   2.2241e-08   3.0897e-04
</covariance>
</state>
<state>
<time>3.3</time>
<index>37</index>
<mean>
 0.998251 0.00144324 0.000309301 0.128689 </mean>
<covariance>   1.0611e-07  -4.1433e-09  -2.1714e-10  -1.3544e-06
  -4.1433e-09   3.4564e-09   3.2264e-10   8.4030e-07
  -2.1714e-10   3.2264e-10   1.0006e-07   2.7895e-08
  -1.3544e-06   8.4030e-07   2.7895e-08   3.0960e-04
</covariance>
</state>
<state>
<time>3.4</time>
<index>38</index>
<mean>
 0.998233 0.00145147 0.00031961 0.128689 </mean>
<covariance>   1.0662e-07  -4.5344e-09  -2.5608e-10  -1.4098e-06
  -4.5344e-09   3.7457e-09   3.5419e-10   8.8967e-07
  -2.5608e-10   3.5419e-10   1.0006e-07   3.3897e-08
  -1.4098e-06   8.8967e-07   3.3897e-08   3.1022e-04
</covariance>
</state>
<state>
<time>3.5</time>
<index>39</index>
<mean>
 0.998214 0.00145975 0.000329978 0.128689 </mean>
<covariance>   1.0715e-07  -4.9486e-09  -2.9919e-10  -1.4662e-06
  -4.9486e-09   4.0542e-09   3.8894e-10   9.3967e-07
  -2.9919e-10   3.8894e-10   1.0007e-07   4.0252e-08
  -1.4662e-06   9.3967e-07   4.0252e-08   3.1085e-04
</covariance>
</state>
<state>
<time>3.6</time>
<index>40</index>
<mean>
 0.998195 0.00146808 0.000340405 0.128689 </mean>
<covariance>   1.0771e-07  -5.3868e-09  -3.4674e-10  -1.5235e-06
  -5.3868e-09   4.3824e-09   4.2712e-10   9.9029e-07
  -3.4674e-10   4.2712e-10   1.0007e-07   4.6964e-08
  -1.5235e-06   9.9029e-07   4.6964e-08   3.1147e-04
</covariance>
</state>
<state>
<time>3.7</time>
<index>41</index>
<mean>
 0.998176 0.00147645 0.000350891 0.128689 </mean>
<covariance>   1.0830e-07  -5.8497e-09  -3.9902e-10  -1.5818e-06
  -5.8497e-09   4.7309e-09   4.6895e-10   1.0416e-06
  -3.9902e-10   4.6895e-10   1.0008e-07   5.4038e-08
  -1.5818e-06   1.0416e-06   5.4038e-08   3.1210e-04
</covariance>
</state>
<state>
<time>3.8</time>
<index>42</index>
<mean>
 0.998157 0.00148487 0.000361437 0.128689 </mean>
<covariance>   1.0892e-07  -6.3383e-09  -4.5631e-10  -1.6412e-06
  -6.3383e-09   5.1003e-09   5.1466e-10   1.0935e-06
  -4.5631e-10   5.1466e-10   1.0008e-07   6.1477e-08
  -1.6412e-06   1.0935e-06   6.1477e-08   3.1272e-04
</covariance>
</state>
<state>
<time>3.9</time>
<index>43</index>
<mean>
 0.998138 0.00149333 0.000372043 0.128689 </mean>
<covariance>   1.0958e-07  -6.8533e-09  -5.1892e-10  -1.7015e-06
  -6.8533e-09   5.4912e-09   5.6449e-10   1.1460e-06
  -5.1892e-10   5.6449e-10   1.0009e-07   6.9288e-08
  -1.7015e-06   1.1460e-06   6.9288e-08   3.1335e-04
</covariance>
</state>
<state>
<time>4</time>
<index>44</index>
<mean>
 0.998119 0.00150185 0.00038271 0.128689 </mean>
<covariance>   1.1027e-07  -7.3956e-09  -5.8717e-10  -1.7629e-06
  -7.3956e-09   5.9043e-09   6.1869e-10   1.1992e-06
  -5.8717e-10   6.1869e-10   1.0010e-07   7.7474e-08
  -1.7629e-06   1.1992e-06   7.7474e-08   3.1397e-04
</covariance>
</state>
<state>
<time>4</time>
<index>45</index>
<measurement> 0.000299384</measurement>
<loglik>9.28137</loglik>
<mean>
 0.998186 0.00144809 0.000377077 0.11777 </mean>
<covariance>   1.0553e-07  -3.6128e-09  -1.9077e-10  -9.9460e-07
  -3.6128e-09   2.8843e-09   3.0224e-10   5.8583e-07
  -1.9077e-10   3.0224e-10   1.0007e-07   1.3197e-08
  -9.9460e-07   5.8583e-07   1.3197e-08   1.8938e-04
</covariance>
</state>
<state>
<time>4.1</time>
<index>46</index>
<mean>
 0.998169 0.00145477 0.00038742 0.11777 </mean>
<covariance>   1.0591e-07  -3.8954e-09  -2.2288e-10  -1.0288e-06
  -3.8954e-09   3.0849e-09   3.2683e-10   6.1589e-07
  -2.2288e-10   3.2683e-10   1.0007e-07   1.7382e-08
  -1.0288e-06   6.1589e-07   1.7382e-08   1.9001e-04
</covariance>
</state>
<state>
<time>4.2</time>
<index>47</index>
<mean>
 0.998152 0.00146148 0.000397811 0.11777 </mean>
<covariance>   1.0630e-07  -4.1923e-09  -2.5797e-10  -1.0637e-06
  -4.1923e-09   3.2970e-09   3.5364e-10   6.4630e-07
  -2.5797e-10   3.5364e-10   1.0008e-07   2.1781e-08
  -1.0637e-06   6.4630e-07   2.1781e-08   1.9063e-04
</covariance>
</state>
<state>
<time>4.3</time>
<index>48</index>
<mean>
 0.998135 0.00146822 0.00040825 0.11777 </mean>
<covariance>   1.0671e-07  -4.5037e-09  -2.9619e-10  -1.0990e-06
  -4.5037e-09   3.5208e-09   3.8277e-10   6.7707e-07
  -2.9619e-10   3.8277e-10   1.0008e-07   2.6397e-08
  -1.0990e-06   6.7707e-07   2.6397e-08   1.9126e-04
</covariance>
</state>
<state>
<time>4.4</time>
<index>49</index>
<mean>
 0.998118 0.00147499 0.000418738 0.11777 </mean>
<covariance>   1.0715e-07  -4.8301e-09  -3.3773e-10  -1.1350e-06
  -4.8301e-09   3.7567e-09   4.1437e-10   7.0820e-07
  -3.3773e-10   4.1437e-10   1.0009e-07   3.1233e-08
  -1.1350e-06   7.0820e-07   3.1233e-08   1.9188e-04
</covariance>
</state>
<state>
<time>4.5</time>
<index>50</index>
<mean>
 0.9981 0.0014818 0.000429273 0.11777 </mean>
<covariance>   1.0760e-07  -5.1720e-09  -3.8275e-10  -1.1716e-06
  -5.1720e-09   4.0049e-09   4.4858e-10   7.3970e-07
  -3.8275e-10   4.4858e-10   1.0009e-07   3.6292e-08
  -1.1716e-06   7.3970e-07   3.6292e-08   1.9251e-04
</covariance>
</state>
<state>
<time>4.6</time>
<index>51</index>
<mean>
 0.998083 0.00148863 0.000439858 0.11777 </mean>
<covariance>   1.0807e-07  -5.5299e-09  -4.3144e-10  -1.2087e-06
  -5.5299e-09   4.2657e-09   4.8553e-10   7.7156e-07
  -4.3144e-10   4.8553e-10   1.0010e-07   4.1576e-08
  -1.2087e-06   7.7156e-07   4.1576e-08   1.9313e-04
</covariance>
</state>
<state>
<time>4.7</time>
<index>52</index>
<mean>
 0.998066 0.0014955 0.000450491 0.11777 </mean>
<covariance>   1.0856e-07  -5.9041e-09  -4.8400e-10  -1.2465e-06
  -5.9041e-09   4.5396e-09   5.2536e-10   8.0379e-07
  -4.8400e-10   5.2536e-10   1.0011e-07   4.7087e-08
  -1.2465e-06   8.0379e-07   4.7087e-08   1.9376e-04
</covariance>
</state>
<state>
<time>4.8</time>
<index>53</index>
<mean>
 0.998048 0.00150239 0.000461173 0.11777 </mean>
<covariance>   1.0908e-07  -6.2952e-09  -5.4060e-10  -1.2848e-06
  -6.2952e-09   4.8267e-09   5.6824e-10   8.3640e-07
  -5.4060e-10   5.6824e-10   1.0012e-07   5.2828e-08
  -1.2848e-06   8.3640e-07   5.2828e-08   1.9438e-04
</covariance>
</state>
<state>
<time>4.9</time>
<index>54</index>
<mean>
 0.99803 0.00150932 0.000471904 0.11777 </mean>
<covariance>   1.0961e-07  -6.7037e-09  -6.0146e-10  -1.3238e-06
  -6.7037e-09   5.1274e-09   6.1430e-10   8.6938e-07
  -6.0146e-10   6.1430e-10   1.0012e-07   5.8802e-08
  -1.3238e-06   8.6938e-07   5.8802e-08   1.9501e-04
</covariance>
</state>
<state>
<time>5</time>
<index>55</index>
<mean>
 0.998013 0.00151628 0.000482685 0.11777 </mean>
<covariance>   1.1017e-07  -7.1300e-09  -6.6677e-10  -1.3633e-06
  -7.1300e-09   5.4421e-09   6.6371e-10   9.0274e-07
  -6.6677e-10   6.6371e-10   1.0013e-07   6.5012e-08
  -1.3633e-06   9.0274e-07   6.5012e-08   1.9563e-04
</covariance>
</state>
<state>
<time>5</time>
<index>56</index>
<measurement> 0.000320831</measurement>
<loglik>9.75843</loglik>
<mean>
 0.998025 0.00150681 0.00048153 0.116199 </mean>
<covariance>   1.0563e-07  -3.6624e-09  -2.4387e-10  -7.8812e-07
  -3.6624e-09   2.7954e-09   3.4092e-10   4.6370e-07
  -2.4387e-10   3.4092e-10   1.0009e-07   1.1468e-08
  -7.8812e-07   4.6370e-07   1.1468e-08   1.2280e-04
</covariance>
</state>
<state>
<time>5.1</time>
<index>57</index>
<mean>
 0.998008 0.00151352 0.000492293 0.116199 </mean>
<covariance>   1.0595e-07  -3.9015e-09  -2.7643e-10  -8.1195e-07
  -3.9015e-09   2.9631e-09   3.6471e-10   4.8422e-07
  -2.7643e-10   3.6471e-10   1.0010e-07   1.4780e-08
  -8.1195e-07   4.8422e-07   1.4780e-08   1.2343e-04
</covariance>
</state>
<state>
<time>5.2</time>
<index>58</index>
<mean>
 0.99799 0.00152026 0.000503104 0.116199 </mean>
<covariance>   1.0629e-07  -4.1512e-09  -3.1153e-10  -8.3620e-07
  -4.1512e-09   3.1391e-09   3.9034e-10   5.0500e-07
  -3.1153e-10   3.9034e-10   1.0010e-07   1.8239e-08
  -8.3620e-07   5.0500e-07   1.8239e-08   1.2405e-04
</covariance>
</state>
<state>
<time>5.3</time>
<index>59</index>
<mean>
 0.997972 0.00152703 0.000513963 0.116199 </mean>
<covariance>   1.0664e-07  -4.4119e-09  -3.4927e-10  -8.6086e-07
  -4.4119e-09   3.3238e-09   4.1791e-10   5.2606e-07
  -3.4927e-10   4.1791e-10   1.0011e-07   2.1846e-08
  -8.6086e-07   5.2606e-07   2.1846e-08   1.2468e-04
</covariance>
</state>
<state>
<time>5.4</time>
<index>60</index>
<mean>
 0.997955 0.00153383 0.000524871 0.116199 </mean>
<covariance>   1.0701e-07  -4.6838e-09  -3.8980e-10  -8.8595e-07
  -4.6838e-09   3.5172e-09   4.4752e-10   5.4739e-07
  -3.8980e-10   4.4752e-10   1.0012e-07   2.5603e-08
  -8.8595e-07   5.4739e-07   2.5603e-08   1.2530e-04
</covariance>
</state>
<state>
<time>5.5</time>
<index>61</index>
<mean>
 0.997937 0.00154067 0.000535827 0.116199 </mean>
<covariance>   1.0739e-07  -4.9673e-09  -4.3325e-10  -9.1146e-07
  -4.9673e-09   3.7197e-09   4.7925e-10   5.6899e-07
  -4.3325e-10   4.7925e-10   1.0012e-07   2.9513e-08
  -9.1146e-07   5.6899e-07   2.9513e-08   1.2593e-04
</covariance>
</state>
<state>
<time>5.6</time>
<index>62</index>
<mean>
 0.997919 0.00154753 0.000546831 0.116199 </mean>
<covariance>   1.0779e-07  -5.2627e-09  -4.7975e-10  -9.3740e-07
  -5.2627e-09   3.9315e-09   5.1323e-10   5.9087e-07
  -4.7975e-10   5.1323e-10   1.0013e-07   3.3578e-08
  -9.3740e-07   5.9087e-07   3.3578e-08   1.2655e-04
</covariance>
</state>
<state>
<time>5.7</time>
<index>63</index>
<mean>
 0.997901 0.00155442 0.000557885 0.116199 </mean>
<covariance>   1.0820e-07  -5.5704e-09  -5.2945e-10  -9.6378e-07
  -5.5704e-09   4.1527e-09   5.4955e-10   6.1303e-07
  -5.2945e-10   5.4955e-10   1.0014e-07   3.7798e-08
  -9.6378e-07   6.1303e-07   3.7798e-08   1.2718e-04
</covariance>
</state>
<state>
<time>5.8</time>
<index>64</index>
<mean>
 0.997883 0.00156134 0.000568988 0.116199 </mean>
<covariance>   1.0863e-07  -5.8907e-09  -5.8248e-10  -9.9060e-07
  -5.8907e-09   4.3836e-09   5.8832e-10   6.3547e-07
  -5.8248e-10   5.8832e-10   1.0014e-07   4.2177e-08
  -9.9060e-07   6.3547e-07   4.2177e-08   1.2780e-04
</covariance>
</state>
<state>
<time>5.9</time>
<index>65</index>
<mean>
 0.997865 0.00156829 0.00058014 0.116199 </mean>
<covariance>   1.0908e-07  -6.2239e-09  -6.3901e-10  -1.0179e-06
  -6.2239e-09   4.6245e-09   6.2966e-10   6.5819e-07
  -6.3901e-10   6.2966e-10   1.0015e-07   4.6716e-08
  -1.0179e-06   6.5819e-07   4.6716e-08   1.2843e-04
</covariance>
</state>
<state>
<time>6</time>
<index>66</index>
<mean>
 0.997847 0.00157527 0.000591343 0.116199 </mean>
<covariance>   1.0954e-07  -6.5705e-09  -6.9919e-10  -1.0456e-06
  -6.5705e-09   4.8756e-09   6.7368e-10   6.8120e-07
  -6.9919e-10   6.7368e-10   1.0016e-07   5.1417e-08
  -1.0456e-06   6.8120e-07   5.1417e-08   1.2905e-04
</covariance>
</state>
<state>
<time>6</time>
<index>67</index>
<measurement> 0.000359542</measurement>
<loglik>9.30955</loglik>
<mean>
 0.997786 0.00162022 0.000597553 0.122479 </mean>
<covariance>   1.0565e-07  -3.6790e-09  -2.9967e-10  -6.4159e-07
  -3.6790e-09   2.7300e-09   3.7722e-10   3.8143e-07
  -2.9967e-10   3.7722e-10   1.0012e-07   9.9969e-09
  -6.4159e-07   3.8143e-07   9.9969e-09   8.7172e-05
</covariance>
</state>
<state>
<time>6.1</time>
<index>68</index>
<mean>
 0.997766 0.00162845 0.000609126 0.122479 </mean>
<covariance>   1.0594e-07  -3.8978e-09  -3.3285e-10  -6.6034e-07
  -3.8978e-09   2.8839e-09   4.0078e-10   3.9745e-07
  -3.3285e-10   4.0078e-10   1.0013e-07   1.2721e-08
  -6.6034e-07   3.9745e-07   1.2721e-08   8.7797e-05
</covariance>
</state>
<state>
<time>6.2</time>
<index>69</index>
<mean>
 0.997746 0.00163672 0.000620758 0.122479 </mean>
<covariance>   1.0625e-07  -4.1261e-09  -3.6836e-10  -6.7945e-07
  -4.1261e-09   3.0452e-09   4.2604e-10   4.1372e-07
  -3.6836e-10   4.2604e-10   1.0013e-07   1.5560e-08
  -6.7945e-07   4.1372e-07   1.5560e-08   8.8422e-05
</covariance>
</state>
<state>
<time>6.3</time>
<index>70</index>
<mean>
 0.997726 0.00164503 0.000632448 0.122479 </mean>
<covariance>   1.0658e-07  -4.3643e-09  -4.0632e-10  -6.9893e-07
  -4.3643e-09   3.2142e-09   4.5308e-10   4.3024e-07
  -4.0632e-10   4.5308e-10   1.0014e-07   1.8515e-08
  -6.9893e-07   4.3024e-07   1.8515e-08   8.9047e-05
</covariance>
</state>
<state>
<time>6.4</time>
<index>71</index>
<mean>
 0.997706 0.00165338 0.000644199 0.122479 </mean>
<covariance>   1.0691e-07  -4.6127e-09  -4.4684e-10  -7.1879e-07
  -4.6127e-09   3.3911e-09   4.8199e-10   4.4703e-07
  -4.4684e-10   4.8199e-10   1.0015e-07   2.1589e-08
  -7.1879e-07   4.4703e-07   2.1589e-08   8.9672e-05
</covariance>
</state>
<state>
<time>6.5</time>
<index>72</index>
<mean>
 0.997686 0.00166177 0.000656008 0.122479 </mean>
<covariance>   1.0726e-07  -4.8715e-09  -4.9005e-10  -7.3903e-07
  -4.8715e-09   3.5761e-09   5.1286e-10   4.6407e-07
  -4.9005e-10   5.1286e-10   1.0015e-07   2.4782e-08
  -7.3903e-07   4.6407e-07   2.4782e-08   9.0297e-05
</covariance>
</state>
<state>
<time>6.6</time>
<index>73</index>
<mean>
 0.997666 0.00167021 0.000667878 0.122479 </mean>
<covariance>   1.0763e-07  -5.1411e-09  -5.3608e-10  -7.5965e-07
  -5.1411e-09   3.7695e-09   5.4579e-10   4.8139e-07
  -5.3608e-10   5.4579e-10   1.0016e-07   2.8096e-08
  -7.5965e-07   4.8139e-07   2.8096e-08   9.0922e-05
</covariance>
</state>
<state>
<time>6.7</time>
<index>74</index>
<mean>
 0.997645 0.00167869 0.000679808 0.122479 </mean>
<covariance>   1.0801e-07  -5.4219e-09  -5.8504e-10  -7.8067e-07
  -5.4219e-09   3.9714e-09   5.8086e-10   4.9896e-07
  -5.8504e-10   5.8086e-10   1.0017e-07   3.1535e-08
  -7.8067e-07   4.9896e-07   3.1535e-08   9.1547e-05
</covariance>
</state>
<state>
<time>6.8</time>
<index>75</index>
<mean>
 0.997625 0.00168721 0.000691799 0.122479 </mean>
<covariance>   1.0840e-07  -5.7142e-09  -6.3708e-10  -8.0208e-07
  -5.7142e-09   4.1821e-09   6.1819e-10   5.1681e-07
  -6.3708e-10   6.1819e-10   1.0018e-07   3.5099e-08
  -8.0208e-07   5.1681e-07   3.5099e-08   9.2172e-05
</covariance>
</state>
<state>
<time>6.9</time>
<index>76</index>
<mean>
 0.997604 0.00169577 0.00070385 0.122479 </mean>
<covariance>   1.0881e-07  -6.0183e-09  -6.9233e-10  -8.2389e-07
  -6.0183e-09   4.4019e-09   6.5786e-10   5.3493e-07
  -6.9233e-10   6.5786e-10   1.0019e-07   3.8790e-08
  -8.2389e-07   5.3493e-07   3.8790e-08   9.2797e-05
</covariance>
</state>
<state>
<time>7</time>
<index>77</index>
<mean>
 0.997584 0.00170438 0.000715963 0.122479 </mean>
<covariance>   1.0924e-07  -6.3346e-09  -7.5093e-10  -8.4611e-07
  -6.3346e-09   4.6310e-09   7.0000e-10   5.5333e-07
  -7.5093e-10   7.0000e-10   1.0020e-07   4.2611e-08
  -8.4611e-07   5.5333e-07   4.2611e-08   9.3422e-05
</covariance>
</state>
<state>
<time>7</time>
<index>78</index>
<measurement> 0.000376478</measurement>
<loglik>9.631</loglik>
<mean>
 0.997556 0.00172465 0.000719026 0.124901 </mean>
<covariance>   1.0587e-07  -3.8680e-09  -3.7810e-10  -5.5140e-07
  -3.8680e-09   2.8278e-09   4.2743e-10   3.3787e-07
  -3.7810e-10   4.2743e-10   1.0015e-07   1.0044e-08
  -5.5140e-07   3.3787e-07   1.0044e-08   6.7678e-05
</covariance>
</state>
<state>
<time>7.1</time>
<index>79</index>
<mean>
 0.997534 0.00173381 0.000731345 0.124901 </mean>
<covariance>   1.0615e-07  -4.0777e-09  -4.1344e-10  -5.6724e-07
  -4.0777e-09   2.9766e-09   4.5215e-10   3.5130e-07
  -4.1344e-10   4.5215e-10   1.0016e-07   1.2458e-08
  -5.6724e-07   3.5130e-07   1.2458e-08   6.8303e-05
</covariance>
</state>
<state>
<time>7.2</time>
<index>80</index>
<mean>
 0.997513 0.00174303 0.00074373 0.124901 </mean>
<covariance>   1.0645e-07  -4.2962e-09  -4.5104e-10  -5.8342e-07
  -4.2962e-09   3.1324e-09   4.7850e-10   3.6497e-07
  -4.5104e-10   4.7850e-10   1.0017e-07   1.4967e-08
  -5.8342e-07   3.6497e-07   1.4967e-08   6.8928e-05
</covariance>
</state>
<state>
<time>7.3</time>
<index>81</index>
<mean>
 0.997491 0.0017523 0.00075618 0.124901 </mean>
<covariance>   1.0676e-07  -4.5240e-09  -4.9102e-10  -5.9993e-07
  -4.5240e-09   3.2953e-09   5.0659e-10   3.7888e-07
  -4.9102e-10   5.0659e-10   1.0017e-07   1.7574e-08
  -5.9993e-07   3.7888e-07   1.7574e-08   6.9553e-05
</covariance>
</state>
<state>
<time>7.4</time>
<index>82</index>
<mean>
 0.997469 0.00176161 0.000768696 0.124901 </mean>
<covariance>   1.0708e-07  -4.7613e-09  -5.3347e-10  -6.1680e-07
  -4.7613e-09   3.4655e-09   5.3647e-10   3.9304e-07
  -5.3347e-10   5.3647e-10   1.0018e-07   2.0280e-08
  -6.1680e-07   3.9304e-07   2.0280e-08   7.0178e-05
</covariance>
</state>
<state>
<time>7.5</time>
<index>83</index>
<mean>
 0.997447 0.00177098 0.000781279 0.124901 </mean>
<covariance>   1.0742e-07  -5.0084e-09  -5.7851e-10  -6.3401e-07
  -5.0084e-09   3.6432e-09   5.6826e-10   4.0745e-07
  -5.7851e-10   5.6826e-10   1.0019e-07   2.3088e-08
  -6.3401e-07   4.0745e-07   2.3088e-08   7.0803e-05
</covariance>
</state>
<state>
<time>7.6</time>
<index>84</index>
<mean>
 0.997425 0.00178039 0.000793929 0.124901 </mean>
<covariance>   1.0776e-07  -5.2656e-09  -6.2627e-10  -6.5158e-07
  -5.2656e-09   3.8288e-09   6.0202e-10   4.2211e-07
  -6.2627e-10   6.0202e-10   1.0020e-07   2.5998e-08
  -6.5158e-07   4.2211e-07   2.5998e-08   7.1428e-05
</covariance>
</state>
<state>
<time>7.7</time>
<index>85</index>
<mean>
 0.997403 0.00178985 0.000806646 0.124901 </mean>
<covariance>   1.0813e-07  -5.5332e-09  -6.7686e-10  -6.6951e-07
  -5.5332e-09   4.0223e-09   6.3785e-10   4.3702e-07
  -6.7686e-10   6.3785e-10   1.0021e-07   2.9013e-08
  -6.6951e-07   4.3702e-07   2.9013e-08   7.2053e-05
</covariance>
</state>
<state>
<time>7.8</time>
<index>86</index>
<mean>
 0.997381 0.00179937 0.000819431 0.124901 </mean>
<covariance>   1.0850e-07  -5.8117e-09  -7.3041e-10  -6.8780e-07
  -5.8117e-09   4.2241e-09   6.7584e-10   4.5219e-07
  -7.3041e-10   6.7584e-10   1.0022e-07   3.2135e-08
  -6.8780e-07   4.5219e-07   3.2135e-08   7.2678e-05
</covariance>
</state>
<state>
<time>7.9</time>
<index>87</index>
<mean>
 0.997358 0.00180893 0.000832283 0.124901 </mean>
<covariance>   1.0890e-07  -6.1013e-09  -7.8704e-10  -7.0646e-07
  -6.1013e-09   4.4343e-09   7.1609e-10   4.6762e-07
  -7.8704e-10   7.1609e-10   1.0023e-07   3.5365e-08
  -7.0646e-07   4.6762e-07   3.5365e-08   7.3303e-05
</covariance>
</state>
<state>
<time>8</time>
<index>88</index>
<mean>
 0.997336 0.00181854 0.000845204 0.124901 </mean>
<covariance>   1.0930e-07  -6.4023e-09  -8.4690e-10  -7.2550e-07
  -6.4023e-09   4.6533e-09   7.5871e-10   4.8332e-07
  -8.4690e-10   7.5871e-10   1.0024e-07   3.8705e-08
  -7.2550e-07   4.8332e-07   3.8705e-08   7.3928e-05
</covariance>
</state>
<state>
<time>8</time>
<index>89</index>
<measurement> 0.000365294</measurement>
<loglik>9.19791</loglik>
<mean>
 0.997392 0.00177738 0.000838493 0.120625 </mean>
<covariance>   1.0613e-07  -4.0966e-09  -4.7097e-10  -4.8602e-07
  -4.0966e-09   2.9775e-09   4.8547e-10   3.0926e-07
  -4.7097e-10   4.8547e-10   1.0019e-07   1.0325e-08
  -4.8602e-07   3.0926e-07   1.0325e-08   5.5850e-05
</covariance>
</state>
<state>
<time>8.1</time>
<index>90</index>
<mean>
 0.997371 0.00178607 0.000851189 0.120625 </mean>
<covariance>   1.0640e-07  -4.2940e-09  -5.0854e-10  -4.9963e-07
  -4.2940e-09   3.1184e-09   5.1143e-10   3.2066e-07
  -5.0854e-10   5.1143e-10   1.0020e-07   1.2534e-08
  -4.9963e-07   3.2066e-07   1.2534e-08   5.6475e-05
</covariance>
</state>
<state>
<time>8.2</time>
<index>91</index>
<mean>
 0.99735 0.0017948 0.000863946 0.120625 </mean>
<covariance>   1.0668e-07  -4.4991e-09  -5.4826e-10  -5.1354e-07
  -4.4991e-09   3.2654e-09   5.3894e-10   3.3228e-07
  -5.4826e-10   5.3894e-10   1.0021e-07   1.4824e-08
  -5.1354e-07   3.3228e-07   1.4824e-08   5.7100e-05
</covariance>
</state>
<state>
<time>8.3</time>
<index>92</index>
<mean>
 0.997328 0.00180357 0.000876766 0.120625 </mean>
<covariance>   1.0697e-07  -4.7124e-09  -5.9022e-10  -5.2774e-07
  -4.7124e-09   3.4186e-09   5.6808e-10   3.4411e-07
  -5.9022e-10   5.6808e-10   1.0021e-07   1.7198e-08
  -5.2774e-07   3.4411e-07   1.7198e-08   5.7725e-05
</covariance>
</state>
<state>
<time>8.4</time>
<index>93</index>
<mean>
 0.997306 0.00181239 0.000889649 0.120625 </mean>
<covariance>   1.0727e-07  -4.9341e-09  -6.3453e-10  -5.4225e-07
  -4.9341e-09   3.5781e-09   5.9891e-10   3.5616e-07
  -6.3453e-10   5.9891e-10   1.0022e-07   1.9656e-08
  -5.4225e-07   3.5616e-07   1.9656e-08   5.8350e-05
</covariance>
</state>
<state>
<time>8.5</time>
<index>94</index>
<mean>
 0.997284 0.00182124 0.000902594 0.120625 </mean>
<covariance>   1.0759e-07  -5.1644e-09  -6.8129e-10  -5.5707e-07
  -5.1644e-09   3.7442e-09   6.3152e-10   3.6844e-07
  -6.8129e-10   6.3152e-10   1.0023e-07   2.2200e-08
  -5.5707e-07   3.6844e-07   2.2200e-08   5.8975e-05
</covariance>
</state>
<state>
<time>8.6</time>
<index>95</index>
<mean>
 0.997263 0.00183014 0.000915603 0.120625 </mean>
<covariance>   1.0791e-07  -5.4036e-09  -7.3059e-10  -5.7221e-07
  -5.4036e-09   3.9171e-09   6.6598e-10   3.8094e-07
  -7.3059e-10   6.6598e-10   1.0024e-07   2.4832e-08
  -5.7221e-07   3.8094e-07   2.4832e-08   5.9600e-05
</covariance>
</state>
<state>
<time>8.7</time>
<index>96</index>
<mean>
 0.997241 0.00183909 0.000928676 0.120625 </mean>
<covariance>   1.0825e-07  -5.6520e-09  -7.8255e-10  -5.8765e-07
  -5.6520e-09   4.0970e-09   7.0236e-10   3.9367e-07
  -7.8255e-10   7.0236e-10   1.0025e-07   2.7553e-08
  -5.8765e-07   3.9367e-07   2.7553e-08   6.0225e-05
</covariance>
</state>
<state>
<time>8.8</time>
<index>97</index>
<mean>
 0.997218 0.00184807 0.000941812 0.120625 </mean>
<covariance>   1.0860e-07  -5.9098e-09  -8.3727e-10  -6.0342e-07
  -5.9098e-09   4.2840e-09   7.4075e-10   4.0662e-07
  -8.3727e-10   7.4075e-10   1.0026e-07   3.0364e-08
  -6.0342e-07   4.0662e-07   3.0364e-08   6.0850e-05
</covariance>
</state>
<state>
<time>8.9</time>
<index>98</index>
<mean>
 0.997196 0.0018571 0.000955013 0.120625 </mean>
<covariance>   1.0897e-07  -6.1774e-09  -8.9487e-10  -6.1951e-07
  -6.1774e-09   4.4784e-09   7.8123e-10   4.1981e-07
  -8.9487e-10   7.8123e-10   1.0027e-07   3.3269e-08
  -6.1951e-07   4.1981e-07   3.3269e-08   6.1475e-05
</covariance>
</state>
<state>
<time>9</time>
<index>99</index>
<mean>
 0.997174 0.00186618 0.000968278 0.120625 </mean>
<covariance>   1.0935e-07  -6.4550e-09  -9.5547e-10  -6.3593e-07
  -6.4550e-09   4.6803e-09   8.2389e-10   4.3323e-07
  -9.5547e-10   8.2389e-10   1.0028e-07   3.6268e-08
  -6.3593e-07   4.3323e-07   3.6268e-08   6.2100e-05
</covariance>
</state>
<state>
<time>9</time>
<index>100</index>
<measurement> 0.000404617</measurement>
<loglik>9.66843</loglik>
<mean>
 0.997163 0.0018737 0.000969602 0.121322 </mean>
<covariance>   1.0623e-07  -4.1982e-09  -5.5821e-10  -4.2703e-07
  -4.1982e-09   3.0440e-09   5.3584e-10   2.8176e-07
  -5.5821e-10   5.3584e-10   1.0023e-07   9.6046e-09
  -4.2703e-07   2.8176e-07   9.6046e-09   4.8079e-05
</covariance>
</state>
<state>
<time>9.1</time>
<index>101</index>
<mean>
 0.997141 0.00188299 0.000982986 0.121322 </mean>
<covariance>   1.0649e-07  -4.3885e-09  -5.9709e-10  -4.3942e-07
  -4.3885e-09   3.1815e-09   5.6250e-10   2.9213e-07
  -5.9709e-10   5.6250e-10   1.0024e-07   1.1617e-08
  -4.3942e-07   2.9213e-07   1.1617e-08   4.8704e-05
</covariance>
</state>
<state>
<time>9.2</time>
<index>102</index>
<mean>
 0.997118 0.00189232 0.000996436 0.121322 </mean>
<covariance>   1.0676e-07  -4.5864e-09  -6.3808e-10  -4.5208e-07
  -4.5864e-09   3.3249e-09   5.9069e-10   3.0272e-07
  -6.3808e-10   5.9069e-10   1.0025e-07   1.3704e-08
  -4.5208e-07   3.0272e-07   1.3704e-08   4.9329e-05
</covariance>
</state>
<state>
<time>9.3</time>
<index>103</index>
<mean>
 0.997095 0.00190169 0.00100995 0.121322 </mean>
<covariance>   1.0704e-07  -4.7921e-09  -6.8125e-10  -4.6504e-07
  -4.7921e-09   3.4742e-09   6.2046e-10   3.1351e-07
  -6.8125e-10   6.2046e-10   1.0026e-07   1.5866e-08
  -4.6504e-07   3.1351e-07   1.5866e-08   4.9954e-05
</covariance>
</state>
<state>
<time>9.4</time>
<index>104</index>
<mean>
 0.997072 0.00191111 0.00102354 0.121322 </mean>
<covariance>   1.0733e-07  -5.0059e-09  -7.2670e-10  -4.7830e-07
  -5.0059e-09   3.6298e-09   6.5189e-10   3.2453e-07
  -7.2670e-10   6.5189e-10   1.0027e-07   1.8105e-08
  -4.7830e-07   3.2453e-07   1.8105e-08   5.0579e-05
</covariance>
</state>
<state>
<time>9.5</time>
<index>105</index>
<mean>
 0.997049 0.00192058 0.00103719 0.121322 </mean>
<covariance>   1.0764e-07  -5.2281e-09  -7.7453e-10  -4.9185e-07
  -5.2281e-09   3.7918e-09   6.8505e-10   3.3576e-07
  -7.7453e-10   6.8505e-10   1.0027e-07   2.0424e-08
  -4.9185e-07   3.3576e-07   2.0424e-08   5.1204e-05
</covariance>
</state>
<state>
<time>9.6</time>
<index>106</index>
<mean>
 0.997026 0.00193009 0.00105091 0.121322 </mean>
<covariance>   1.0795e-07  -5.4589e-09  -8.2484e-10  -5.0571e-07
  -5.4589e-09   3.9603e-09   7.2001e-10   3.4722e-07
  -8.2484e-10   7.2001e-10   1.0028e-07   2.2822e-08
  -5.0571e-07   3.4722e-07   2.2822e-08   5.1829e-05
</covariance>
</state>
<state>
<time>9.7</time>
<index>107</index>
<mean>
 0.997002 0.00193965 0.00106469 0.121322 </mean>
<covariance>   1.0828e-07  -5.6986e-09  -8.7773e-10  -5.1987e-07
  -5.6986e-09   4.1355e-09   7.5685e-10   3.5890e-07
  -8.7773e-10   7.5685e-10   1.0030e-07   2.5302e-08
  -5.1987e-07   3.5890e-07   2.5302e-08   5.2454e-05
</covariance>
</state>
<state>
<time>9.8</time>
<index>108</index>
<mean>
 0.996979 0.00194926 0.00107855 0.121322 </mean>
<covariance>   1.0861e-07  -5.9475e-09  -9.3332e-10  -5.3434e-07
  -5.9475e-09   4.3178e-09   7.9565e-10   3.7081e-07
  -9.3332e-10   7.9565e-10   1.0031e-07   2.7866e-08
  -5.3434e-07   3.7081e-07   2.7866e-08   5.3079e-05
</covariance>
</state>
<state>
<time>9.9</time>
<index>109</index>
<mean>
 0.996955 0.00195891 0.00109247 0.121322 </mean>
<covariance>   1.0896e-07  -6.2059e-09  -9.9170e-10  -5.4913e-07
  -6.2059e-09   4.5072e-09   8.3649e-10   3.8295e-07
  -9.9170e-10   8.3649e-10   1.0032e-07   3.0514e-08
  -5.4913e-07   3.8295e-07   3.0514e-08   5.3704e-05
</covariance>
</state>
<state>
<time>10</time>
<index>110</index>
<mean>
 0.996932 0.00196862 0.00110646 0.121322 </mean>
<covariance>   1.0933e-07  -6.4740e-09  -1.0530e-09  -5.6424e-07
  -6.4740e-09   4.7041e-09   8.7946e-10   3.9532e-07
  -1.0530e-09   8.7946e-10   1.0033e-07   3.3250e-08
  -5.6424e-07   3.9532e-07   3.3250e-08   5.4329e-05
</covariance>
</state>
<state>
<time>10</time>
<index>111</index>
<measurement> 0.000475053</measurement>
<loglik>7.51797</loglik>
<mean>
 0.99682 0.00204957 0.0011216 0.128125 </mean>
<covariance>   1.0642e-07  -4.3581e-09  -6.5741e-10  -3.8641e-07
  -4.3581e-09   3.1666e-09   5.9202e-10   2.6612e-07
  -6.5741e-10   5.9202e-10   1.0028e-07   9.0936e-09
  -3.8641e-07   2.6612e-07   9.0936e-09   4.3471e-05
</covariance>
</state>
<state>
<time>10.1</time>
<index>112</index>
<mean>
 0.996794 0.00206111 0.00113624 0.128125 </mean>
<covariance>   1.0668e-07  -4.5565e-09  -6.9862e-10  -3.9868e-07
  -4.5565e-09   3.3133e-09   6.2033e-10   2.7648e-07
  -6.9862e-10   6.2033e-10   1.0028e-07   1.0994e-08
  -3.9868e-07   2.7648e-07   1.0994e-08   4.4096e-05
</covariance>
</state>
<state>
<time>10.2</time>
<index>113</index>
<mean>
