<?xml version="1.0"?>
<root>
<parameters> 0.30568 0.048926 0.09589 0.000872166</parameters>
<dataPoints>365</dataPoints>
<states>
<state>
<time>0</time>
<index>0</index>
<mean>
 0.999 0.001 0 </mean>
<covariance>   1.0000e-07            0            0
            0   1.0000e-07            0
            0            0   1.0000e-07
</covariance>
</state>
<state>
<time>0</time>
<index>1</index>
<measurement> 0.000283836</measurement>
<loglik>8.28807</loglik>
<mean>
 0.999 0.000930281 0 </mean>
<covariance>   1.0000e-07            0            0
            0   2.4390e-09            0
            0            0   1.0000e-07
</covariance>
</state>
<state>
<time>0.1</time>
<index>2</index>
<mean>
 0.999119 0.000874292 6.22975e-06 </mean>
<covariance>   1.0021e-07  -2.2928e-10  -1.6689e-13
  -2.2928e-10   2.6577e-09   1.7464e-11
  -1.6689e-13   1.7464e-11   1.0000e-07
</covariance>
</state>
<state>
<time>0.2</time>
<index>3</index>
<mean>
 0.999111 0.000876423 1.24747e-05 </mean>
<covariance>   1.0039e-07  -4.3717e-10  -2.1537e-12
  -4.3717e-10   2.8533e-09   3.6536e-11
  -2.1537e-12   3.6536e-11   1.0000e-07
</covariance>
</state>
<state>
<time>0.3</time>
<index>4</index>
<mean>
 0.999103 0.000878559 1.87349e-05 </mean>
<covariance>   1.0058e-07  -6.4833e-10  -5.8216e-12
  -6.4833e-10   3.0508e-09   5.7056e-11
  -5.8216e-12   5.7056e-11   1.0000e-07
</covariance>
</state>
<state>
<time>0.4</time>
<index>5</index>
<mean>
 0.999094 0.000880701 2.50103e-05 </mean>
<covariance>   1.0078e-07  -8.6279e-10  -1.1208e-11
  -8.6279e-10   3.2501e-09   7.9039e-11
  -1.1208e-11   7.9039e-11   1.0000e-07
</covariance>
</state>
<state>
<time>0.5</time>
<index>6</index>
<mean>
 0.999086 0.000882848 3.1301e-05 </mean>
<covariance>   1.0098e-07  -1.0806e-09  -1.8350e-11
  -1.0806e-09   3.4513e-09   1.0250e-10
  -1.8350e-11   1.0250e-10   1.0000e-07
</covariance>
</state>
<state>
<time>0.6</time>
<index>7</index>
<mean>
 0.999077 0.000884999 3.76071e-05 </mean>
<covariance>   1.0118e-07  -1.3017e-09  -2.7287e-11
  -1.3017e-09   3.6543e-09   1.2746e-10
  -2.7287e-11   1.2746e-10   1.0001e-07
</covariance>
</state>
<state>
<time>0.7</time>
<index>8</index>
<mean>
 0.999069 0.000887156 4.39285e-05 </mean>
<covariance>   1.0139e-07  -1.5263e-09  -3.8056e-11
  -1.5263e-09   3.8593e-09   1.5394e-10
  -3.8056e-11   1.5394e-10   1.0001e-07
</covariance>
</state>
<state>
<time>0.8</time>
<index>9</index>
<mean>
 0.99906 0.000889319 5.02653e-05 </mean>
<covariance>   1.0161e-07  -1.7542e-09  -5.0696e-11
  -1.7542e-09   4.0661e-09   1.8195e-10
  -5.0696e-11   1.8195e-10   1.0001e-07
</covariance>
</state>
<state>
<time>0.9</time>
<index>10</index>
<mean>
 0.999052 0.000891486 5.66176e-05 </mean>
<covariance>   1.0183e-07  -1.9856e-09  -6.5247e-11
  -1.9856e-09   4.2749e-09   2.1151e-10
  -6.5247e-11   2.1151e-10   1.0001e-07
</covariance>
</state>
<state>
<time>1</time>
<index>11</index>
<mean>
 0.999043 0.000893659 6.29853e-05 </mean>
<covariance>   1.0206e-07  -2.2205e-09  -8.1748e-11
  -2.2205e-09   4.4856e-09   2.4263e-10
  -8.1748e-11   2.4263e-10   1.0002e-07
</covariance>
</state>
<state>
<time>1</time>
<index>12</index>
<measurement> 0.000272044</measurement>
<loglik>9.69233</loglik>
<mean>
 0.999045 0.000891102 6.2847e-05 </mean>
<covariance>   1.0130e-07  -6.8394e-10   1.3668e-12
  -6.8394e-10   1.3816e-09   7.4732e-11
   1.3668e-12   7.4732e-11   1.0001e-07
</covariance>
</state>
<state>
<time>1.1</time>
<index>13</index>
<mean>
 0.999036 0.000893273 6.9212e-05 </mean>
<covariance>   1.0150e-07  -8.8772e-10  -4.3289e-12
  -8.8772e-10   1.5781e-09   8.4807e-11
  -4.3289e-12   8.4807e-11   1.0001e-07
</covariance>
</state>
<state>
<time>1.2</time>
<index>14</index>
<mean>
 0.999028 0.00089545 7.55926e-05 </mean>
<covariance>   1.0170e-07  -1.0948e-09  -1.1590e-11
  -1.0948e-09   1.7764e-09   9.6313e-11
  -1.1590e-11   9.6313e-11   1.0001e-07
</covariance>
</state>
<state>
<time>1.3</time>
<index>15</index>
<mean>
 0.999019 0.000897632 8.19886e-05 </mean>
<covariance>   1.0191e-07  -1.3052e-09  -2.0454e-11
  -1.3052e-09   1.9766e-09   1.0927e-10
  -2.0454e-11   1.0927e-10   1.0001e-07
</covariance>
</state>
<state>
<time>1.4</time>
<index>16</index>
<mean>
 0.99901 0.000899819 8.84003e-05 </mean>
<covariance>   1.0213e-07  -1.5190e-09  -3.0959e-11
  -1.5190e-09   2.1787e-09   1.2369e-10
  -3.0959e-11   1.2369e-10   1.0001e-07
</covariance>
</state>
<state>
<time>1.5</time>
<index>17</index>
<mean>
 0.999002 0.000902012 9.48276e-05 </mean>
<covariance>   1.0235e-07  -1.7361e-09  -4.3142e-11
  -1.7361e-09   2.3827e-09   1.3959e-10
  -4.3142e-11   1.3959e-10   1.0001e-07
</covariance>
</state>
<state>
<time>1.6</time>
<index>18</index>
<mean>
 0.998993 0.00090421 0.000101271 </mean>
<covariance>   1.0258e-07  -1.9567e-09  -5.7043e-11
  -1.9567e-09   2.5887e-09   1.5699e-10
  -5.7043e-11   1.5699e-10   1.0002e-07
</covariance>
</state>
<state>
<time>1.7</time>
<index>19</index>
<mean>
 0.998984 0.000906413 0.000107729 </mean>
<covariance>   1.0281e-07  -2.1808e-09  -7.2700e-11
  -2.1808e-09   2.7966e-09   1.7591e-10
  -7.2700e-11   1.7591e-10   1.0002e-07
</covariance>
</state>
<state>
<time>1.8</time>
<index>20</index>
<mean>
 0.998976 0.000908621 0.000114204 </mean>
<covariance>   1.0305e-07  -2.4083e-09  -9.0152e-11
  -2.4083e-09   3.0065e-09   1.9636e-10
  -9.0152e-11   1.9636e-10   1.0002e-07
</covariance>
</state>
<state>
<time>1.9</time>
<index>21</index>
<mean>
 0.998967 0.000910835 0.000120694 </mean>
<covariance>   1.0329e-07  -2.6393e-09  -1.0944e-10
  -2.6393e-09   3.2184e-09   2.1836e-10
  -1.0944e-10   2.1836e-10   1.0002e-07
</covariance>
</state>
<state>
<time>2</time>
<index>22</index>
<mean>
 0.998958 0.000913054 0.0001272 </mean>
<covariance>   1.0353e-07  -2.8739e-09  -1.3060e-10
  -2.8739e-09   3.4322e-09   2.4194e-10
  -1.3060e-10   2.4194e-10   1.0003e-07
</covariance>
</state>
<state>
<time>2</time>
<index>23</index>
<measurement> 0.000285117</measurement>
<loglik>9.73896</loglik>
<mean>
 0.998948 0.000925296 0.000128063 </mean>
<covariance>   1.0204e-07  -1.0858e-09  -4.5584e-12
  -1.0858e-09   1.2967e-09   9.1408e-11
  -4.5584e-12   9.1408e-11   1.0002e-07
</covariance>
</state>
<state>
<time>2.1</time>
<index>24</index>
<mean>
 0.998939 0.00092755 0.000134672 </mean>
<covariance>   1.0226e-07  -1.3045e-09  -1.3278e-11
  -1.3045e-09   1.5076e-09   1.0092e-10
  -1.3278e-11   1.0092e-10   1.0002e-07
</covariance>
</state>
<state>
<time>2.2</time>
<index>25</index>
<mean>
 0.99893 0.000929809 0.000141297 </mean>
<covariance>   1.0249e-07  -1.5268e-09  -2.3666e-11
  -1.5268e-09   1.7204e-09   1.1196e-10
  -2.3666e-11   1.1196e-10   1.0002e-07
</covariance>
</state>
<state>
<time>2.3</time>
<index>26</index>
<mean>
 0.998921 0.000932074 0.000147939 </mean>
<covariance>   1.0272e-07  -1.7526e-09  -3.5761e-11
  -1.7526e-09   1.9353e-09   1.2455e-10
  -3.5761e-11   1.2455e-10   1.0002e-07
</covariance>
</state>
<state>
<time>2.4</time>
<index>27</index>
<mean>
 0.998912 0.000934345 0.000154596 </mean>
<covariance>   1.0296e-07  -1.9820e-09  -4.9604e-11
  -1.9820e-09   2.1522e-09   1.3871e-10
  -4.9604e-11   1.3871e-10   1.0002e-07
</covariance>
</state>
<state>
<time>2.5</time>
<index>28</index>
<mean>
 0.998904 0.00093662 0.00016127 </mean>
<covariance>   1.0321e-07  -2.2151e-09  -6.5237e-11
  -2.2151e-09   2.3712e-09   1.5445e-10
  -6.5237e-11   1.5445e-10   1.0003e-07
</covariance>
</state>
<state>
<time>2.6</time>
<index>29</index>
<mean>
 0.998895 0.000938902 0.00016796 </mean>
<covariance>   1.0346e-07  -2.4518e-09  -8.2700e-11
  -2.4518e-09   2.5922e-09   1.7181e-10
  -8.2700e-11   1.7181e-10   1.0003e-07
</covariance>
</state>
<state>
<time>2.7</time>
<index>30</index>
<mean>
 0.998886 0.000941188 0.000174667 </mean>
<covariance>   1.0371e-07  -2.6923e-09  -1.0203e-10
  -2.6923e-09   2.8154e-09   1.9079e-10
  -1.0203e-10   1.9079e-10   1.0003e-07
</covariance>
</state>
<state>
<time>2.8</time>
<index>31</index>
<mean>
 0.998877 0.000943481 0.00018139 </mean>
<covariance>   1.0398e-07  -2.9365e-09  -1.2328e-10
  -2.9365e-09   3.0406e-09   2.1141e-10
  -1.2328e-10   2.1141e-10   1.0003e-07
</covariance>
</state>
<state>
<time>2.9</time>
<index>32</index>
<mean>
 0.998868 0.000945778 0.000188129 </mean>
<covariance>   1.0424e-07  -3.1845e-09  -1.4649e-10
  -3.1845e-09   3.2680e-09   2.3369e-10
  -1.4649e-10   2.3369e-10   1.0004e-07
</covariance>
</state>
<state>
<time>3</time>
<index>33</index>
<mean>
 0.998858 0.000948082 0.000194884 </mean>
<covariance>   1.0452e-07  -3.4363e-09  -1.7170e-10
  -3.4363e-09   3.4975e-09   2.5766e-10
  -1.7170e-10   2.5766e-10   1.0004e-07
</covariance>
</state>
<state>
<time>3</time>
<index>34</index>
<measurement> 0.000307023</measurement>
<loglik>9.47777</loglik>
<mean>
 0.998825 0.000982366 0.00019741 </mean>
<covariance>   1.0246e-07  -1.3442e-09  -1.7574e-11
  -1.3442e-09   1.3681e-09   1.0079e-10
  -1.7574e-11   1.0079e-10   1.0003e-07
</covariance>
</state>
<state>
<time>3.1</time>
<index>35</index>
<mean>
 0.998815 0.000984758 0.000204427 </mean>
<covariance>   1.0272e-07  -1.5901e-09  -2.8234e-11
  -1.5901e-09   1.6052e-09   1.1083e-10
  -2.8234e-11   1.1083e-10   1.0003e-07
</covariance>
</state>
<state>
<time>3.2</time>
<index>36</index>
<mean>
 0.998806 0.000987156 0.000211461 </mean>
<covariance>   1.0298e-07  -1.8399e-09  -4.0762e-11
  -1.8399e-09   1.8446e-09   1.2259e-10
  -4.0762e-11   1.2259e-10   1.0003e-07
</covariance>
</state>
<state>
<time>3.3</time>
<index>37</index>
<mean>
 0.998796 0.000989559 0.000218512 </mean>
<covariance>   1.0324e-07  -2.0938e-09  -5.5204e-11
  -2.0938e-09   2.0863e-09   1.3610e-10
  -5.5204e-11   1.3610e-10   1.0003e-07
</covariance>
</state>
<state>
<time>3.4</time>
<index>38</index>
<mean>
 0.998787 0.000991969 0.00022558 </mean>
<covariance>   1.0351e-07  -2.3518e-09  -7.1606e-11
  -2.3518e-09   2.3303e-09   1.5137e-10
  -7.1606e-11   1.5137e-10   1.0004e-07
</covariance>
</state>
<state>
<time>3.5</time>
<index>39</index>
<mean>
 0.998778 0.000994384 0.000232666 </mean>
<covariance>   1.0379e-07  -2.6139e-09  -9.0013e-11
  -2.6139e-09   2.5765e-09   1.6842e-10
  -9.0013e-11   1.6842e-10   1.0004e-07
</covariance>
</state>
<state>
<time>3.6</time>
<index>40</index>
<mean>
 0.998768 0.000996804 0.000239769 </mean>
<covariance>   1.0408e-07  -2.8801e-09  -1.1047e-10
  -2.8801e-09   2.8252e-09   1.8728e-10
  -1.1047e-10   1.8728e-10   1.0004e-07
</covariance>
</state>
<state>
<time>3.7</time>
<index>41</index>
<mean>
 0.998758 0.000999231 0.000246889 </mean>
<covariance>   1.0437e-07  -3.1505e-09  -1.3303e-10
  -3.1505e-09   3.0762e-09   2.0796e-10
  -1.3303e-10   2.0796e-10   1.0004e-07
</covariance>
</state>
<state>
<time>3.8</time>
<index>42</index>
<mean>
 0.998749 0.00100166 0.000254026 </mean>
<covariance>   1.0466e-07  -3.4250e-09  -1.5773e-10
  -3.4250e-09   3.3295e-09   2.3049e-10
  -1.5773e-10   2.3049e-10   1.0005e-07
</covariance>
</state>
<state>
<time>3.9</time>
<index>43</index>
<mean>
 0.998739 0.0010041 0.000261181 </mean>
<covariance>   1.0497e-07  -3.7039e-09  -1.8463e-10
  -3.7039e-09   3.5852e-09   2.5489e-10
  -1.8463e-10   2.5489e-10   1.0005e-07
</covariance>
</state>
<state>
<time>4</time>
<index>44</index>
<mean>
 0.99873 0.00100655 0.000268353 </mean>
<covariance>   1.0528e-07  -3.9870e-09  -2.1377e-10
  -3.9870e-09   3.8434e-09   2.8118e-10
  -2.1377e-10   2.8118e-10   1.0005e-07
</covariance>
</state>
<state>
<time>4</time>
<index>45</index>
<measurement> 0.000299384</measurement>
<loglik>9.64385</loglik>
<mean>
 0.998747 0.000990185 0.000267156 </mean>
<covariance>   1.0278e-07  -1.5838e-09  -3.7950e-11
  -1.5838e-09   1.5267e-09   1.1169e-10
  -3.7950e-11   1.1169e-10   1.0004e-07
</covariance>
</state>
<state>
<time>4.1</time>
<index>46</index>
<mean>
 0.998737 0.000992595 0.000274229 </mean>
<covariance>   1.0305e-07  -1.8354e-09  -5.0436e-11
  -1.8354e-09   1.7682e-09   1.2290e-10
  -5.0436e-11   1.2290e-10   1.0004e-07
</covariance>
</state>
<state>
<time>4.2</time>
<index>47</index>
<mean>
 0.998728 0.000995011 0.000281319 </mean>
<covariance>   1.0332e-07  -2.0911e-09  -6.4844e-11
  -2.0911e-09   2.0121e-09   1.3586e-10
  -6.4844e-11   1.3586e-10   1.0004e-07
</covariance>
</state>
<state>
<time>4.3</time>
<index>48</index>
<mean>
 0.998718 0.000997433 0.000288426 </mean>
<covariance>   1.0359e-07  -2.3509e-09  -8.1218e-11
  -2.3509e-09   2.2582e-09   1.5059e-10
  -8.1218e-11   1.5059e-10   1.0005e-07
</covariance>
</state>
<state>
<time>4.4</time>
<index>49</index>
<mean>
 0.998709 0.000999861 0.00029555 </mean>
<covariance>   1.0387e-07  -2.6148e-09  -9.9606e-11
  -2.6148e-09   2.5067e-09   1.6713e-10
  -9.9606e-11   1.6713e-10   1.0005e-07
</covariance>
</state>
<state>
<time>4.5</time>
<index>50</index>
<mean>
 0.998699 0.00100229 0.000302692 </mean>
<covariance>   1.0416e-07  -2.8829e-09  -1.2005e-10
  -2.8829e-09   2.7576e-09   1.8548e-10
  -1.2005e-10   1.8548e-10   1.0005e-07
</covariance>
</state>
<state>
<time>4.6</time>
<index>51</index>
<mean>
 0.998689 0.00100473 0.000309852 </mean>
<covariance>   1.0445e-07  -3.1552e-09  -1.4261e-10
  -3.1552e-09   3.0108e-09   2.0568e-10
  -1.4261e-10   2.0568e-10   1.0005e-07
</covariance>
</state>
<state>
<time>4.7</time>
<index>52</index>
<mean>
 0.99868 0.00100718 0.000317028 </mean>
<covariance>   1.0475e-07  -3.4318e-09  -1.6732e-10
  -3.4318e-09   3.2664e-09   2.2774e-10
  -1.6732e-10   2.2774e-10   1.0006e-07
</covariance>
</state>
<state>
<time>4.8</time>
<index>53</index>
<mean>
 0.99867 0.00100963 0.000324222 </mean>
<covariance>   1.0506e-07  -3.7126e-09  -1.9424e-10
  -3.7126e-09   3.5245e-09   2.5168e-10
  -1.9424e-10   2.5168e-10   1.0006e-07
</covariance>
</state>
<state>
<time>4.9</time>
<index>54</index>
<mean>
 0.99866 0.00101209 0.000331434 </mean>
<covariance>   1.0537e-07  -3.9978e-09  -2.2340e-10
  -3.9978e-09   3.7849e-09   2.7752e-10
  -2.2340e-10   2.7752e-10   1.0006e-07
</covariance>
</state>
<state>
<time>5</time>
<index>55</index>
<mean>
 0.998651 0.00101455 0.000338663 </mean>
<covariance>   1.0569e-07  -4.2873e-09  -2.5487e-10
  -4.2873e-09   4.0478e-09   3.0530e-10
  -2.5487e-10   3.0530e-10   1.0007e-07
</covariance>
</state>
<state>
<time>5</time>
<index>56</index>
<measurement> 0.000320831</measurement>
<loglik>9.59018</loglik>
<mean>
 0.998628 0.00103596 0.000340278 </mean>
<covariance>   1.0291e-07  -1.6663e-09  -5.7186e-11
  -1.6663e-09   1.5732e-09   1.1865e-10
  -5.7186e-11   1.1865e-10   1.0005e-07
</covariance>
</state>
<state>
<time>5.1</time>
<index>57</index>
<mean>
 0.998618 0.00103848 0.000347677 </mean>
<covariance>   1.0320e-07  -1.9406e-09  -7.0331e-11
  -1.9406e-09   1.8370e-09   1.3020e-10
  -7.0331e-11   1.3020e-10   1.0006e-07
</covariance>
</state>
<state>
<time>5.2</time>
<index>58</index>
<mean>
 0.998608 0.001041 0.000355095 </mean>
<covariance>   1.0349e-07  -2.2193e-09  -8.5564e-11
  -2.2193e-09   2.1034e-09   1.4367e-10
  -8.5564e-11   1.4367e-10   1.0006e-07
</covariance>
</state>
<state>
<time>5.3</time>
<index>59</index>
<mean>
 0.998598 0.00104354 0.000362531 </mean>
<covariance>   1.0379e-07  -2.5025e-09  -1.0293e-10
  -2.5025e-09   2.3722e-09   1.5908e-10
  -1.0293e-10   1.5908e-10   1.0006e-07
</covariance>
</state>
<state>
<time>5.4</time>
<index>60</index>
<mean>
 0.998588 0.00104607 0.000369985 </mean>
<covariance>   1.0410e-07  -2.7903e-09  -1.2249e-10
  -2.7903e-09   2.6437e-09   1.7645e-10
  -1.2249e-10   1.7645e-10   1.0006e-07
</covariance>
</state>
<state>
<time>5.5</time>
<index>61</index>
<mean>
 0.998578 0.00104862 0.000377457 </mean>
<covariance>   1.0441e-07  -3.0826e-09  -1.4429e-10
  -3.0826e-09   2.9177e-09   1.9581e-10
  -1.4429e-10   1.9581e-10   1.0007e-07
</covariance>
</state>
<state>
<time>5.6</time>
<index>62</index>
<mean>
 0.998568 0.00105117 0.000384947 </mean>
<covariance>   1.0473e-07  -3.3795e-09  -1.6839e-10
  -3.3795e-09   3.1943e-09   2.1718e-10
  -1.6839e-10   2.1718e-10   1.0007e-07
</covariance>
</state>
<state>
<time>5.7</time>
<index>63</index>
<mean>
 0.998558 0.00105373 0.000392455 </mean>
<covariance>   1.0506e-07  -3.6810e-09  -1.9482e-10
  -3.6810e-09   3.4736e-09   2.4058e-10
  -1.9482e-10   2.4058e-10   1.0007e-07
</covariance>
</state>
<state>
<time>5.8</time>
<index>64</index>
<mean>
 0.998548 0.00105629 0.000399982 </mean>
<covariance>   1.0539e-07  -3.9872e-09  -2.2365e-10
  -3.9872e-09   3.7554e-09   2.6603e-10
  -2.2365e-10   2.6603e-10   1.0008e-07
</covariance>
</state>
<state>
<time>5.9</time>
<index>65</index>
<mean>
 0.998538 0.00105886 0.000407527 </mean>
<covariance>   1.0573e-07  -4.2982e-09  -2.5493e-10
  -4.2982e-09   4.0400e-09   2.9357e-10
  -2.5493e-10   2.9357e-10   1.0008e-07
</covariance>
</state>
<state>
<time>6</time>
<index>66</index>
<mean>
 0.998528 0.00106143 0.00041509 </mean>
<covariance>   1.0608e-07  -4.6139e-09  -2.8872e-10
  -4.6139e-09   4.3271e-09   3.2320e-10
  -2.8872e-10   3.2320e-10   1.0008e-07
</covariance>
</state>
<state>
<time>6</time>
<index>67</index>
<measurement> 0.000359542</measurement>
<loglik>8.72291</loglik>
<mean>
 0.998454 0.00113095 0.000420282 </mean>
<covariance>   1.0310e-07  -1.8191e-09  -7.9975e-11
  -1.8191e-09   1.7061e-09   1.2743e-10
  -7.9975e-11   1.2743e-10   1.0007e-07
</covariance>
</state>
<state>
<time>6.1</time>
<index>68</index>
<mean>
 0.998443 0.0011337 0.000428361 </mean>
<covariance>   1.0344e-07  -2.1440e-09  -9.4304e-11
  -2.1440e-09   2.0196e-09   1.3996e-10
  -9.4304e-11   1.3996e-10   1.0007e-07
</covariance>
</state>
<state>
<time>6.2</time>
<index>69</index>
<mean>
 0.998432 0.00113646 0.000436458 </mean>
<covariance>   1.0378e-07  -2.4742e-09  -1.1110e-10
  -2.4742e-09   2.3361e-09   1.5476e-10
  -1.1110e-10   1.5476e-10   1.0007e-07
</covariance>
</state>
<state>
<time>6.3</time>
<index>70</index>
<mean>
 0.998421 0.00113922 0.000444576 </mean>
<covariance>   1.0414e-07  -2.8096e-09  -1.3041e-10
  -2.8096e-09   2.6556e-09   1.7186e-10
  -1.3041e-10   1.7186e-10   1.0008e-07
</covariance>
</state>
<state>
<time>6.4</time>
<index>71</index>
<mean>
 0.99841 0.00114199 0.000452713 </mean>
<covariance>   1.0450e-07  -3.1505e-09  -1.5230e-10
  -3.1505e-09   2.9781e-09   1.9129e-10
  -1.5230e-10   1.9129e-10   1.0008e-07
</covariance>
</state>
<state>
<time>6.5</time>
<index>72</index>
<mean>
 0.998399 0.00114477 0.00046087 </mean>
<covariance>   1.0487e-07  -3.4967e-09  -1.7684e-10
  -3.4967e-09   3.3038e-09   2.1308e-10
  -1.7684e-10   2.1308e-10   1.0008e-07
</covariance>
</state>
<state>
<time>6.6</time>
<index>73</index>
<mean>
 0.998388 0.00114755 0.000469047 </mean>
<covariance>   1.0525e-07  -3.8484e-09  -2.0408e-10
  -3.8484e-09   3.6325e-09   2.3725e-10
  -2.0408e-10   2.3725e-10   1.0008e-07
</covariance>
</state>
<state>
<time>6.7</time>
<index>74</index>
<mean>
 0.998377 0.00115034 0.000477244 </mean>
<covariance>   1.0563e-07  -4.2057e-09  -2.3409e-10
  -4.2057e-09   3.9643e-09   2.6383e-10
  -2.3409e-10   2.6383e-10   1.0009e-07
</covariance>
</state>
<state>
<time>6.8</time>
<index>75</index>
<mean>
 0.998366 0.00115313 0.000485461 </mean>
<covariance>   1.0603e-07  -4.5685e-09  -2.6692e-10
  -4.5685e-09   4.2992e-09   2.9285e-10
  -2.6692e-10   2.9285e-10   1.0009e-07
</covariance>
</state>
<state>
<time>6.9</time>
<index>76</index>
<mean>
 0.998355 0.00115594 0.000493697 </mean>
<covariance>   1.0643e-07  -4.9369e-09  -3.0265e-10
  -4.9369e-09   4.6373e-09   3.2435e-10
  -3.0265e-10   3.2435e-10   1.0010e-07
</covariance>
</state>
<state>
<time>7</time>
<index>77</index>
<mean>
 0.998344 0.00115875 0.000501954 </mean>
<covariance>   1.0684e-07  -5.3109e-09  -3.4133e-10
  -5.3109e-09   4.9785e-09   3.5833e-10
  -3.4133e-10   3.5833e-10   1.0010e-07
</covariance>
</state>
<state>
<time>7</time>
<index>78</index>
<measurement> 0.000376478</measurement>
<loglik>9.2492</loglik>
<mean>
 0.998298 0.00120227 0.000505086 </mean>
<covariance>   1.0346e-07  -2.1388e-09  -1.1301e-10
  -2.1388e-09   2.0049e-09   1.4431e-10
  -1.1301e-10   1.4431e-10   1.0009e-07
</covariance>
</state>
<state>
<time>7.1</time>
<index>79</index>
<mean>
 0.998286 0.00120519 0.000513674 </mean>
<covariance>   1.0384e-07  -2.5068e-09  -1.2980e-10
  -2.5068e-09   2.3595e-09   1.5901e-10
  -1.2980e-10   1.5901e-10   1.0009e-07
</covariance>
</state>
<state>
<time>7.2</time>
<index>80</index>
<mean>
 0.998275 0.00120812 0.000522283 </mean>
<covariance>   1.0423e-07  -2.8808e-09  -1.4939e-10
  -2.8808e-09   2.7174e-09   1.7629e-10
  -1.4939e-10   1.7629e-10   1.0009e-07
</covariance>
</state>
<state>
<time>7.3</time>
<index>81</index>
<mean>
 0.998263 0.00121105 0.000530912 </mean>
<covariance>   1.0463e-07  -3.2608e-09  -1.7184e-10
  -3.2608e-09   3.0787e-09   1.9617e-10
  -1.7184e-10   1.9617e-10   1.0009e-07
</covariance>
</state>
<state>
<time>7.4</time>
<index>82</index>
<mean>
 0.998252 0.00121399 0.000539562 </mean>
<covariance>   1.0504e-07  -3.6469e-09  -1.9722e-10
  -3.6469e-09   3.4435e-09   2.1869e-10
  -1.9722e-10   2.1869e-10   1.0010e-07
</covariance>
</state>
<state>
<time>7.5</time>
<index>83</index>
<mean>
 0.99824 0.00121694 0.000548234 </mean>
<covariance>   1.0546e-07  -4.0391e-09  -2.2559e-10
  -4.0391e-09   3.8117e-09   2.4388e-10
  -2.2559e-10   2.4388e-10   1.0010e-07
</covariance>
</state>
<state>
<time>7.6</time>
<index>84</index>
<mean>
 0.998228 0.0012199 0.000556926 </mean>
<covariance>   1.0589e-07  -4.4375e-09  -2.5704e-10
  -4.4375e-09   4.1834e-09   2.7176e-10
  -2.5704e-10   2.7176e-10   1.0010e-07
</covariance>
</state>
<state>
<time>7.7</time>
<index>85</index>
<mean>
 0.998217 0.00122286 0.00056564 </mean>
<covariance>   1.0633e-07  -4.8421e-09  -2.9162e-10
  -4.8421e-09   4.5586e-09   3.0237e-10
  -2.9162e-10   3.0237e-10   1.0011e-07
</covariance>
</state>
<state>
<time>7.8</time>
<index>86</index>
<mean>
 0.998205 0.00122583 0.000574374 </mean>
<covariance>   1.0678e-07  -5.2529e-09  -3.2941e-10
  -5.2529e-09   4.9373e-09   3.3574e-10
  -3.2941e-10   3.3574e-10   1.0011e-07
</covariance>
</state>
<state>
<time>7.9</time>
<index>87</index>
<mean>
 0.998193 0.00122881 0.00058313 </mean>
<covariance>   1.0723e-07  -5.6702e-09  -3.7047e-10
  -5.6702e-09   5.3196e-09   3.7190e-10
  -3.7047e-10   3.7190e-10   1.0012e-07
</covariance>
</state>
<state>
<time>8</time>
<index>88</index>
<mean>
 0.998181 0.00123179 0.000591908 </mean>
<covariance>   1.0770e-07  -6.0938e-09  -4.1489e-10
  -6.0938e-09   5.7055e-09   4.1089e-10
  -4.1489e-10   4.1089e-10   1.0012e-07
</covariance>
</state>
<state>
<time>8</time>
<index>89</index>
<measurement> 0.000365294</measurement>
<loglik>9.43114</loglik>
<mean>
 0.998205 0.0012097 0.000590317 </mean>
<covariance>   1.0379e-07  -2.4335e-09  -1.5129e-10
  -2.4335e-09   2.2785e-09   1.6409e-10
  -1.5129e-10   1.6409e-10   1.0010e-07
</covariance>
</state>
<state>
<time>8.1</time>
<index>90</index>
<mean>
 0.998193 0.00121264 0.000598958 </mean>
<covariance>   1.0418e-07  -2.8091e-09  -1.7040e-10
  -2.8091e-09   2.6385e-09   1.8080e-10
  -1.7040e-10   1.8080e-10   1.0011e-07
</covariance>
</state>
<state>
<time>8.2</time>
<index>91</index>
<mean>
 0.998182 0.00121559 0.000607619 </mean>
<covariance>   1.0459e-07  -3.1907e-09  -1.9237e-10
  -3.1907e-09   3.0020e-09   2.0013e-10
  -1.9237e-10   2.0013e-10   1.0011e-07
</covariance>
</state>
<state>
<time>8.3</time>
<index>92</index>
<mean>
 0.99817 0.00121854 0.000616302 </mean>
<covariance>   1.0500e-07  -3.5785e-09  -2.1728e-10
  -3.5785e-09   3.3690e-09   2.2211e-10
  -2.1728e-10   2.2211e-10   1.0011e-07
</covariance>
</state>
<state>
<time>8.4</time>
<index>93</index>
<mean>
 0.998159 0.0012215 0.000625006 </mean>
<covariance>   1.0542e-07  -3.9723e-09  -2.4520e-10
  -3.9723e-09   3.7394e-09   2.4677e-10
  -2.4520e-10   2.4677e-10   1.0012e-07
</covariance>
</state>
<state>
<time>8.5</time>
<index>94</index>
<mean>
 0.998147 0.00122447 0.000633731 </mean>
<covariance>   1.0585e-07  -4.3724e-09  -2.7618e-10
  -4.3724e-09   4.1134e-09   2.7414e-10
  -2.7618e-10   2.7414e-10   1.0012e-07
</covariance>
</state>
<state>
<time>8.6</time>
<index>95</index>
<mean>
 0.998135 0.00122744 0.000642477 </mean>
<covariance>   1.0629e-07  -4.7788e-09  -3.1032e-10
  -4.7788e-09   4.4908e-09   3.0425e-10
  -3.1032e-10   3.0425e-10   1.0012e-07
</covariance>
</state>
<state>
<time>8.7</time>
<index>96</index>
<mean>
 0.998123 0.00123042 0.000651244 </mean>
<covariance>   1.0674e-07  -5.1915e-09  -3.4767e-10
  -5.1915e-09   4.8719e-09   3.3714e-10
  -3.4767e-10   3.3714e-10   1.0013e-07
</covariance>
</state>
<state>
<time>8.8</time>
<index>97</index>
<mean>
 0.998112 0.00123341 0.000660033 </mean>
<covariance>   1.0719e-07  -5.6105e-09  -3.8830e-10
  -5.6105e-09   5.2565e-09   3.7284e-10
  -3.8830e-10   3.7284e-10   1.0013e-07
</covariance>
</state>
<state>
<time>8.9</time>
<index>98</index>
<mean>
 0.9981 0.0012364 0.000668843 </mean>
<covariance>   1.0766e-07  -6.0360e-09  -4.3230e-10
  -6.0360e-09   5.6447e-09   4.1138e-10
  -4.3230e-10   4.1138e-10   1.0014e-07
</covariance>
</state>
<state>
<time>9</time>
<index>99</index>
<mean>
 0.998088 0.0012394 0.000677675 </mean>
<covariance>   1.0814e-07  -6.4680e-09  -4.7973e-10
  -6.4680e-09   6.0365e-09   4.5279e-10
  -4.7973e-10   4.5279e-10   1.0014e-07
</covariance>
</state>
<state>
<time>9</time>
<index>100</index>
<measurement> 0.000404617</measurement>
<loglik>9.12344</loglik>
<mean>
 0.998033 0.0012909 0.000681537 </mean>
<covariance>   1.0390e-07  -2.5149e-09  -1.8322e-10
  -2.5149e-09   2.3471e-09   1.7605e-10
  -1.8322e-10   1.7605e-10   1.0012e-07
</covariance>
</state>
<state>
<time>9.1</time>
<index>101</index>
<mean>
 0.99802 0.00129403 0.000690758 </mean>
<covariance>   1.0435e-07  -2.9395e-09  -2.0302e-10
  -2.9395e-09   2.7558e-09   1.9328e-10
  -2.0302e-10   1.9328e-10   1.0013e-07
</covariance>
</state>
<state>
<time>9.2</time>
<index>102</index>
<mean>
 0.998008 0.00129717 0.000700001 </mean>
<covariance>   1.0480e-07  -3.3710e-09  -2.2606e-10
  -3.3710e-09   3.1684e-09   2.1348e-10
  -2.2606e-10   2.1348e-10   1.0013e-07
</covariance>
</state>
<state>
<time>9.3</time>
<index>103</index>
<mean>
 0.997996 0.00130032 0.000709267 </mean>
<covariance>   1.0526e-07  -3.8095e-09  -2.5239e-10
  -3.8095e-09   3.5849e-09   2.3668e-10
  -2.5239e-10   2.3668e-10   1.0013e-07
</covariance>
</state>
<state>
<time>9.4</time>
<index>104</index>
<mean>
 0.997983 0.00130348 0.000718555 </mean>
<covariance>   1.0574e-07  -4.2549e-09  -2.8211e-10
  -4.2549e-09   4.0053e-09   2.6292e-10
  -2.8211e-10   2.6292e-10   1.0014e-07
</covariance>
</state>
<state>
<time>9.5</time>
<index>105</index>
<mean>
 0.997971 0.00130664 0.000727865 </mean>
<covariance>   1.0622e-07  -4.7073e-09  -3.1529e-10
  -4.7073e-09   4.4298e-09   2.9224e-10
  -3.1529e-10   2.9224e-10   1.0014e-07
</covariance>
</state>
<state>
<time>9.6</time>
<index>106</index>
<mean>
 0.997958 0.00130981 0.000737198 </mean>
<covariance>   1.0672e-07  -5.1669e-09  -3.5200e-10
  -5.1669e-09   4.8582e-09   3.2466e-10
  -3.5200e-10   3.2466e-10   1.0014e-07
</covariance>
</state>
<state>
<time>9.7</time>
<index>107</index>
<mean>
 0.997946 0.00131299 0.000746554 </mean>
<covariance>   1.0722e-07  -5.6336e-09  -3.9234e-10
  -5.6336e-09   5.2907e-09   3.6023e-10
  -3.9234e-10   3.6023e-10   1.0015e-07
</covariance>
</state>
<state>
<time>9.8</time>
<index>108</index>
<mean>
 0.997933 0.00131618 0.000755933 </mean>
<covariance>   1.0774e-07  -6.1076e-09  -4.3639e-10
  -6.1076e-09   5.7272e-09   3.9898e-10
  -4.3639e-10   3.9898e-10   1.0015e-07
</covariance>
</state>
<state>
<time>9.9</time>
<index>109</index>
<mean>
 0.997921 0.00131937 0.000765334 </mean>
<covariance>   1.0827e-07  -6.5888e-09  -4.8422e-10
  -6.5888e-09   6.1678e-09   4.4095e-10
  -4.8422e-10   4.4095e-10   1.0016e-07
</covariance>
</state>
<state>
<time>10</time>
<index>110</index>
<mean>
 0.997908 0.00132257 0.000774758 </mean>
<covariance>   1.0881e-07  -7.0775e-09  -5.3591e-10
  -7.0775e-09   6.6126e-09   4.8617e-10
  -5.3591e-10   4.8617e-10   1.0017e-07
</covariance>
</state>
<state>
<time>10</time>
<index>111</index>
<measurement> 0.000475053</measurement>
<loglik>6.99009</loglik>
<mean>
 0.997759 0.00146193 0.000785004 </mean>
<covariance>   1.0425e-07  -2.8173e-09  -2.2270e-10
  -2.8173e-09   2.6322e-09   1.9353e-10
  -2.2270e-10   1.9353e-10   1.0015e-07
</covariance>
</state>
<state>
<time>10.1</time>
<index>112</index>
<mean>
 0.997745 0.00146547 0.000795446 </mean>
<covariance>   1.0481e-07  -3.3572e-09  -2.4485e-10
  -3.3572e-09   3.1543e-09   2.1284e-10
  -2.4485e-10   2.1284e-10   1.0015e-07
</covariance>
</state>
<state>
<time>10.2</time>
<index>113</index>
<mean>
 0.997731 0.00146903 0.000805914 </mean>
<covariance>   1.0538e-07  -3.9058e-09  -2.7108e-10
  -3.9058e-09   3.6812e-09   2.3594e-10
  -2.7108e-10   2.3594e-10   1.0015e-07
</covariance>
</state>
<state>
<time>10.3</time>
<index>114</index>
<mean>
 0.997717 0.00147259 0.000816407 </mean>
<covariance>   1.0597e-07  -4.4633e-09  -3.0148e-10
  -4.4633e-09   4.2132e-09   2.6287e-10
  -3.0148e-10   2.6287e-10   1.0016e-07
</covariance>
</state>
<state>
<time>10.4</time>
<index>115</index>
<mean>
 0.997703 0.00147616 0.000826925 </mean>
<covariance>   1.0657e-07  -5.0297e-09  -3.3616e-10
  -5.0297e-09   4.7503e-09   2.9367e-10
  -3.3616e-10   2.9367e-10   1.0016e-07
</covariance>
</state>
<state>
<time>10.5</time>
<index>116</index>
<mean>
 0.997688 0.00147974 0.000837469 </mean>
<covariance>   1.0718e-07  -5.6051e-09  -3.7521e-10
  -5.6051e-09   5.2924e-09   3.2839e-10
  -3.7521e-10   3.2839e-10   1.0016e-07
</covariance>
</state>
<state>
<time>10.6</time>
<index>117</index>
<mean>
 0.997674 0.00148332 0.000848039 </mean>
<covariance>   1.0780e-07  -6.1895e-09  -4.1875e-10
  -6.1895e-09   5.8397e-09   3.6707e-10
  -4.1875e-10   3.6707e-10   1.0017e-07
</covariance>
</state>
<state>
<time>10.7</time>
<index>118</index>
<mean>
 0.99766 0.00148692 0.000858634 </mean>
<covariance>   1.0844e-07  -6.7832e-09  -4.6686e-10
  -6.7832e-09   6.3921e-09   4.0977e-10
  -4.6686e-10   4.0977e-10   1.0017e-07
</covariance>
</state>
<state>
<time>10.8</time>
<index>119</index>
<mean>
 0.997646 0.00149052 0.000869255 </mean>
<covariance>   1.0910e-07  -7.3860e-09  -5.1966e-10
  -7.3860e-09   6.9497e-09   4.5652e-10
  -5.1966e-10   4.5652e-10   1.0018e-07
</covariance>
</state>
<state>
<time>10.9</time>
<index>120</index>
<mean>
 0.997632 0.00149413 0.000879901 </mean>
<covariance>   1.0977e-07  -7.9982e-09  -5.7725e-10
  -7.9982e-09   7.5125e-09   5.0738e-10
  -5.7725e-10   5.0738e-10   1.0019e-07
</covariance>
</state>
<state>
<time>11</time>
<index>121</index>
<mean>
 0.997617 0.00149775 0.000890574 </mean>
<covariance>   1.1045e-07  -8.6198e-09  -6.3974e-10
  -8.6198e-09   8.0806e-09   5.6239e-10
  -6.3974e-10   5.6239e-10   1.0020e-07
</covariance>
</state>
<state>
<time>11</time>
<index>122</index>
<measurement> 0.00047912</measurement>
<loglik>9.1425</loglik>
<mean>
 0.997573 0.00153886 0.000893435 </mean>
<covariance>   1.0502e-07  -3.5315e-09  -2.8560e-10
  -3.5315e-09   3.3106e-09   2.3041e-10
  -2.8560e-10   2.3041e-10   1.0017e-07
</covariance>
</state>
<state>
<time>11.1</time>
<index>123</index>
<mean>
 0.997559 0.00154259 0.000904427 </mean>
<covariance>   1.0565e-07  -4.1343e-09  -3.1325e-10
  -4.1343e-09   3.8906e-09   2.5466e-10
  -3.1325e-10   2.5466e-10   1.0018e-07
</covariance>
</state>
<state>
<time>11.2</time>
<index>124</index>
<mean>
 0.997544 0.00154633 0.000915445 </mean>
<covariance>   1.0629e-07  -4.7468e-09  -3.4548e-10
  -4.7468e-09   4.4762e-09   2.8313e-10
  -3.4548e-10   2.8313e-10   1.0018e-07
</covariance>
</state>
<state>
<time>11.3</time>
<index>125</index>
<mean>
 0.997529 0.00155007 0.00092649 </mean>
<covariance>   1.0695e-07  -5.3692e-09  -3.8240e-10
  -5.3692e-09   5.0674e-09   3.1586e-10
  -3.8240e-10   3.1586e-10   1.0018e-07
</covariance>
</state>
<state>
<time>11.4</time>
<index>126</index>
<mean>
 0.997514 0.00155383 0.000937562 </mean>
<covariance>   1.0762e-07  -6.0014e-09  -4.2411e-10
  -6.0014e-09   5.6641e-09   3.5291e-10
  -4.2411e-10   3.5291e-10   1.0019e-07
</covariance>
</state>
<state>
<time>11.5</time>
<index>127</index>
<mean>
 0.9975 0.00155759 0.000948661 </mean>
<covariance>   1.0831e-07  -6.6436e-09  -4.7073e-10
  -6.6436e-09   6.2665e-09   3.9431e-10
  -4.7073e-10   3.9431e-10   1.0019e-07
</covariance>
</state>
<state>
<time>11.6</time>
<index>128</index>
<mean>
 0.997485 0.00156136 0.000959787 </mean>
<covariance>   1.0901e-07  -7.2959e-09  -5.2238e-10
  -7.2959e-09   6.8745e-09   4.4013e-10
  -5.2238e-10   4.4013e-10   1.0020e-07
</covariance>
</state>
<state>
<time>11.7</time>
<index>129</index>
<mean>
 0.99747 0.00156515 0.000970939 </mean>
<covariance>   1.0973e-07  -7.9584e-09  -5.7916e-10
  -7.9584e-09   7.4883e-09   4.9041e-10
  -5.7916e-10   4.9041e-10   1.0021e-07
</covariance>
</state>
<state>
<time>11.8</time>
<index>130</index>
<mean>
 0.997455 0.00156894 0.000982119 </mean>
<covariance>   1.1046e-07  -8.6311e-09  -6.4120e-10
  -8.6311e-09   8.1078e-09   5.4520e-10
  -6.4120e-10   5.4520e-10   1.0021e-07
</covariance>
</state>
<state>
<time>11.9</time>
<index>131</index>
<mean>
 0.99744 0.00157274 0.000993326 </mean>
<covariance>   1.1121e-07  -9.3142e-09  -7.0861e-10
  -9.3142e-09   8.7331e-09   6.0456e-10
  -7.0861e-10   6.0456e-10   1.0022e-07
</covariance>
</state>
<state>
<time>12</time>
<index>132</index>
<mean>
 0.997425 0.00157655 0.00100456 </mean>
<covariance>   1.1198e-07  -1.0008e-08  -7.8151e-10
  -1.0008e-08   9.3642e-09   6.6855e-10
  -7.8151e-10   6.6855e-10   1.0023e-07
</covariance>
</state>
<state>
<time>12</time>
<index>133</index>
<measurement> 0.000503842</measurement>
<loglik>9.08989</loglik>
<mean>
 0.997379 0.00161966 0.00100764 </mean>
<covariance>   1.0555e-07  -3.9919e-09  -3.5201e-10
  -3.9919e-09   3.7352e-09   2.6667e-10
  -3.5201e-10   2.6667e-10   1.0020e-07
</covariance>
</state>
<state>
<time>12.1</time>
<index>134</index>
<mean>
 0.997363 0.00162358 0.00101921 </mean>
<covariance>   1.0625e-07  -4.6603e-09  -3.8332e-10
  -4.6603e-09   4.3778e-09   2.9405e-10
  -3.8332e-10   2.9405e-10   1.0021e-07
</covariance>
</state>
<state>
<time>12.2</time>
<index>135</index>
<mean>
 0.997348 0.00162751 0.0010308 </mean>
<covariance>   1.0696e-07  -5.3395e-09  -4.1972e-10
  -5.3395e-09   5.0266e-09   3.2611e-10
  -4.1972e-10   3.2611e-10   1.0021e-07
</covariance>
</state>
<state>
<time>12.3</time>
<index>136</index>
<mean>
 0.997332 0.00163145 0.00104243 </mean>
<covariance>   1.0769e-07  -6.0296e-09  -4.6131e-10
  -6.0296e-09   5.6815e-09   3.6288e-10
  -4.6131e-10   3.6288e-10   1.0022e-07
</covariance>
</state>
<state>
<time>12.4</time>
<index>137</index>
<mean>
 0.997316 0.0016354 0.00105408 </mean>
<covariance>   1.0844e-07  -6.7306e-09  -5.0823e-10
  -6.7306e-09   6.3426e-09   4.0443e-10
  -5.0823e-10   4.0443e-10   1.0022e-07
</covariance>
</state>
<state>
<time>12.5</time>
<index>138</index>
<mean>
 0.997301 0.00163935 0.00106576 </mean>
<covariance>   1.0920e-07  -7.4427e-09  -5.6060e-10
  -7.4427e-09   7.0099e-09   4.5081e-10
  -5.6060e-10   4.5081e-10   1.0023e-07
</covariance>
</state>
<state>
<time>12.6</time>
<index>139</index>
<mean>
 0.997285 0.00164332 0.00107747 </mean>
<covariance>   1.0998e-07  -8.1659e-09  -6.1854e-10
  -8.1659e-09   7.6835e-09   5.0209e-10
  -6.1854e-10   5.0209e-10   1.0023e-07
</covariance>
</state>
<state>
<time>12.7</time>
<index>140</index>
<mean>
 0.997269 0.0016473 0.00108921 </mean>
<covariance>   1.1077e-07  -8.9004e-09  -6.8219e-10
  -8.9004e-09   8.3634e-09   5.5831e-10
  -6.8219e-10   5.5831e-10   1.0024e-07
</covariance>
</state>
<state>
<time>12.8</time>
<index>141</index>
<mean>
 0.997254 0.00165129 0.00110098 </mean>
<covariance>   1.1159e-07  -9.6462e-09  -7.5166e-10
  -9.6462e-09   9.0496e-09   6.1953e-10
  -7.5166e-10   6.1953e-10   1.0025e-07
</covariance>
</state>
<state>
<time>12.9</time>
<index>142</index>
<mean>
 0.997238 0.00165528 0.00111277 </mean>
<covariance>   1.1242e-07  -1.0404e-08  -8.2709e-10
  -1.0404e-08   9.7423e-09   6.8581e-10
  -8.2709e-10   6.8581e-10   1.0026e-07
</covariance>
</state>
<state>
<time>13</time>
<index>143</index>
<mean>
 0.997222 0.00165929 0.0011246 </mean>
<covariance>   1.1327e-07  -1.1172e-08  -9.0861e-10
  -1.1172e-08   1.0441e-08   7.5721e-10
  -9.0861e-10   7.5721e-10   1.0027e-07
</covariance>
</state>
<state>
<time>13</time>
<index>144</index>
<measurement> 0.000534824</measurement>
<loglik>8.96635</loglik>
<mean>
 0.997164 0.00171373 0.00112854 </mean>
<covariance>   1.0606e-07  -4.4388e-09  -4.2029e-10
  -4.4388e-09   4.1484e-09   3.0084e-10
  -4.2029e-10   3.0084e-10   1.0024e-07
</covariance>
</state>
<state>
<time>13.1</time>
<index>145</index>
<mean>
 0.997147 0.00171787 0.00114078 </mean>
<covariance>   1.0684e-07  -5.1865e-09  -4.5515e-10
  -5.1865e-09   4.8674e-09   3.3127e-10
  -4.5515e-10   3.3127e-10   1.0024e-07
</covariance>
</state>
<state>
<time>13.2</time>
<index>146</index>
<mean>
 0.997131 0.00172203 0.00115305 </mean>
<covariance>   1.0764e-07  -5.9463e-09  -4.9569e-10
  -5.9463e-09   5.5932e-09   3.6691e-10
  -4.9569e-10   3.6691e-10   1.0025e-07
</covariance>
</state>
<state>
<time>13.3</time>
<index>147</index>
<mean>
 0.997114 0.0017262 0.00116536 </mean>
<covariance>   1.0846e-07  -6.7182e-09  -5.4204e-10
  -6.7182e-09   6.3259e-09   4.0784e-10
  -5.4204e-10   4.0784e-10   1.0025e-07
</covariance>
</state>
<state>
<time>13.4</time>
<index>148</index>
<mean>
 0.997098 0.00173037 0.00117769 </mean>
<covariance>   1.0929e-07  -7.5023e-09  -5.9435e-10
  -7.5023e-09   7.0654e-09   4.5411e-10
  -5.9435e-10   4.5411e-10   1.0026e-07
</covariance>
</state>
<state>
<time>13.5</time>
<index>149</index>
<mean>
 0.997081 0.00173455 0.00119004 </mean>
<covariance>   1.1015e-07  -8.2988e-09  -6.5275e-10
  -8.2988e-09   7.8120e-09   5.0578e-10
  -6.5275e-10   5.0578e-10   1.0026e-07
</covariance>
</state>
<state>
<time>13.6</time>
<index>150</index>
<mean>
 0.997065 0.00173875 0.00120243 </mean>
<covariance>   1.1102e-07  -9.1078e-09  -7.1739e-10
  -9.1078e-09   8.5655e-09   5.6293e-10
  -7.1739e-10   5.6293e-10   1.0027e-07
</covariance>
</state>
<state>
<time>13.7</time>
<index>151</index>
<mean>
 0.997048 0.00174295 0.00121485 </mean>
<covariance>   1.1191e-07  -9.9293e-09  -7.8840e-10
  -9.9293e-09   9.3262e-09   6.2561e-10
  -7.8840e-10   6.2561e-10   1.0028e-07
</covariance>
</state>
<state>
<time>13.8</time>
<index>152</index>
<mean>
 0.997032 0.00174717 0.0012273 </mean>
<covariance>   1.1282e-07  -1.0764e-08  -8.6592e-10
  -1.0764e-08   1.0094e-08   6.9388e-10
  -8.6592e-10   6.9388e-10   1.0029e-07
</covariance>
</state>
<state>
<time>13.9</time>
<index>153</index>
<mean>
 0.997015 0.00175139 0.00123978 </mean>
<covariance>   1.1375e-07  -1.1611e-08  -9.5012e-10
  -1.1611e-08   1.0869e-08   7.6782e-10
  -9.5012e-10   7.6782e-10   1.0030e-07
</covariance>
</state>
<state>
<time>14</time>
<index>154</index>
<mean>
 0.996998 0.00175563 0.00125229 </mean>
<covariance>   1.1470e-07  -1.2471e-08  -1.0411e-09
  -1.2471e-08   1.1651e-08   8.4748e-10
  -1.0411e-09   8.4748e-10   1.0031e-07
</covariance>
</state>
<state>
<time>14</time>
<index>155</index>
<measurement> 0.000552601</measurement>
<loglik>9.07615</loglik>
<mean>
 0.996965 0.00178702 0.00125458 </mean>
<covariance>   1.0666e-07  -4.9644e-09  -4.9511e-10
  -4.9644e-09   4.6381e-09   3.3737e-10
  -4.9511e-10   3.3737e-10   1.0028e-07
</covariance>
</state>
<state>
<time>14.1</time>
<index>156</index>
<mean>
 0.996947 0.00179133 0.00126734 </mean>
<covariance>   1.0751e-07  -5.7787e-09  -5.3411e-10
  -5.7787e-09   5.4201e-09   3.7139e-10
  -5.3411e-10   3.7139e-10   1.0028e-07
</covariance>
</state>
<state>
<time>14.2</time>
<index>157</index>
<mean>
 0.99693 0.00179566 0.00128014 </mean>
<covariance>   1.0838e-07  -6.6061e-09  -5.7929e-10
  -6.6061e-09   6.2096e-09   4.1108e-10
  -5.7929e-10   4.1108e-10   1.0029e-07
</covariance>
</state>
<state>
<time>14.3</time>
<index>158</index>
<mean>
