<?xml version="1.0"?>
<root>
<parameters> 0.19159 0.117937 0.00133312</parameters>
<dataPoints>365</dataPoints>
<states>
<state>
<time>0</time>
<index>0</index>
<mean>
 0.999 0.001 0 0.155 </mean>
<covariance>   1.0000e-07            0            0            0
            0   1.0000e-07            0            0
            0            0   1.0000e-07            0
            0            0            0   1.0000e-03
</covariance>
</state>
<state>
<time>0</time>
<index>1</index>
<measurement> 0.000283836</measurement>
<loglik>7.64933</loglik>
<mean>
 0.999 0.00146973 0 0.155 </mean>
<covariance>   1.0000e-07            0            0            0
            0   2.4390e-09            0            0
            0            0   1.0000e-07            0
            0            0            0   1.0000e-03
</covariance>
</state>
<state>
<time>0.1</time>
<index>2</index>
<mean>
 0.998651 0.0013393 9.5223e-06 0.117937 </mean>
<covariance>   1.0002e-07  -5.7362e-11  -2.6977e-13  -1.4683e-07
  -5.7362e-11   2.5014e-09   1.7567e-11   1.4683e-07
  -2.6977e-13   1.7567e-11   1.0000e-07            0
  -1.4683e-07   1.4683e-07            0   1.0056e-03
</covariance>
</state>
<state>
<time>0.2</time>
<index>3</index>
<mean>
 0.998635 0.00134551 1.90887e-05 0.117937 </mean>
<covariance>   1.0007e-07  -1.4323e-10  -1.2371e-12  -2.8306e-07
  -1.4323e-10   2.5821e-09   3.5739e-11   2.8201e-07
  -1.2371e-12   3.5739e-11   1.0000e-07   1.0488e-09
  -2.8306e-07   2.8201e-07   1.0488e-09   1.0112e-03
</covariance>
</state>
<state>
<time>0.3</time>
<index>4</index>
<mean>
 0.99862 0.00135174 2.86995e-05 0.117937 </mean>
<covariance>   1.0017e-07  -2.6766e-10  -3.3099e-12  -4.2225e-07
  -2.6766e-10   2.7005e-09   5.4845e-11   4.1919e-07
  -3.3099e-12   5.4845e-11   1.0000e-07   3.0631e-09
  -4.2225e-07   4.1919e-07   3.0631e-09   1.0169e-03
</covariance>
</state>
<state>
<time>0.4</time>
<index>5</index>
<mean>
 0.998604 0.00135801 3.83548e-05 0.117937 </mean>
<covariance>   1.0031e-07  -4.3229e-10  -6.9124e-12  -5.6445e-07
  -4.3229e-10   2.8578e-09   7.5296e-11   5.5839e-07
  -6.9124e-12   7.5296e-11   1.0000e-07   6.0573e-09
  -5.6445e-07   5.5839e-07   6.0573e-09   1.0225e-03
</covariance>
</state>
<state>
<time>0.5</time>
<index>6</index>
<mean>
 0.998588 0.0013643 4.80549e-05 0.117937 </mean>
<covariance>   1.0049e-07  -6.3881e-10  -1.2490e-11  -7.0968e-07
  -6.3881e-10   3.0553e-09   9.7515e-11   6.9963e-07
  -1.2490e-11   9.7515e-11   1.0000e-07   1.0046e-08
  -7.0968e-07   6.9963e-07   1.0046e-08   1.0281e-03
</covariance>
</state>
<state>
<time>0.6</time>
<index>7</index>
<mean>
 0.998572 0.00137062 5.77999e-05 0.117937 </mean>
<covariance>   1.0071e-07  -8.8894e-10  -2.0507e-11  -8.5797e-07
  -8.8894e-10   3.2943e-09   1.2194e-10   8.4293e-07
  -2.0507e-11   1.2194e-10   1.0000e-07   1.5043e-08
  -8.5797e-07   8.4293e-07   1.5043e-08   1.0337e-03
</covariance>
</state>
<state>
<time>0.7</time>
<index>8</index>
<mean>
 0.998555 0.00137698 6.75901e-05 0.117937 </mean>
<covariance>   1.0099e-07  -1.1844e-09  -3.1452e-11  -1.0094e-06
  -1.1844e-09   3.5760e-09   1.4903e-10   9.8831e-07
  -3.1452e-11   1.4903e-10   1.0001e-07   2.1064e-08
  -1.0094e-06   9.8831e-07   2.1064e-08   1.0394e-03
</covariance>
</state>
<state>
<time>0.8</time>
<index>9</index>
<mean>
 0.998539 0.00138336 7.74256e-05 0.117937 </mean>
<covariance>   1.0132e-07  -1.5271e-09  -4.5835e-11  -1.1639e-06
  -1.5271e-09   3.9019e-09   1.7925e-10   1.1358e-06
  -4.5835e-11   1.7925e-10   1.0001e-07   2.8123e-08
  -1.1639e-06   1.1358e-06   2.8123e-08   1.0450e-03
</covariance>
</state>
<state>
<time>0.9</time>
<index>10</index>
<mean>
 0.998523 0.00138977 8.73067e-05 0.117937 </mean>
<covariance>   1.0169e-07  -1.9189e-09  -6.4187e-11  -1.3216e-06
  -1.9189e-09   4.2732e-09   2.1308e-10   1.2854e-06
  -6.4187e-11   2.1308e-10   1.0001e-07   3.6236e-08
  -1.3216e-06   1.2854e-06   3.6236e-08   1.0506e-03
</covariance>
</state>
<state>
<time>1</time>
<index>11</index>
<mean>
 0.998507 0.00139621 9.72337e-05 0.117937 </mean>
<covariance>   1.0213e-07  -2.3615e-09  -8.7063e-11  -1.4825e-06
  -2.3615e-09   4.6915e-09   2.5103e-10   1.4371e-06
  -8.7063e-11   2.5103e-10   1.0002e-07   4.5417e-08
  -1.4825e-06   1.4371e-06   4.5417e-08   1.0562e-03
</covariance>
</state>
<state>
<time>1</time>
<index>12</index>
<measurement> 0.000272044</measurement>
<loglik>9.93661</loglik>
<mean>
 0.998501 0.00140784 9.78563e-05 0.121502 </mean>
<covariance>   1.0154e-07  -1.2032e-09  -2.5084e-11  -1.1277e-06
  -1.2032e-09   2.3904e-09   1.2790e-10   7.3223e-07
  -2.5084e-11   1.2790e-10   1.0001e-07   7.7004e-09
  -1.1277e-06   7.3223e-07   7.7004e-09   8.4033e-04
</covariance>
</state>
<state>
<time>1.1</time>
<index>13</index>
<mean>
 0.998484 0.00141487 0.000107912 0.121502 </mean>
<covariance>   1.0191e-07  -1.5165e-09  -3.7255e-11  -1.2547e-06
  -1.5165e-09   2.6377e-09   1.4752e-10   8.5399e-07
  -3.7255e-11   1.4752e-10   1.0001e-07   1.2931e-08
  -1.2547e-06   8.5399e-07   1.2931e-08   8.4595e-04
</covariance>
</state>
<state>
<time>1.2</time>
<index>14</index>
<mean>
 0.998466 0.00142193 0.000118019 0.121502 </mean>
<covariance>   1.0231e-07  -1.8712e-09  -5.2792e-11  -1.3846e-06
  -1.8712e-09   2.9234e-09   1.6988e-10   9.7774e-07
  -5.2792e-11   1.6988e-10   1.0001e-07   1.9031e-08
  -1.3846e-06   9.7774e-07   1.9031e-08   8.5158e-04
</covariance>
</state>
<state>
<time>1.3</time>
<index>15</index>
<mean>
 0.998449 0.00142902 0.000128175 0.121502 </mean>
<covariance>   1.0277e-07  -2.2693e-09  -7.2165e-11  -1.5173e-06
  -2.2693e-09   3.2488e-09   1.9540e-10   1.1035e-06
  -7.2165e-11   1.9540e-10   1.0002e-07   2.6014e-08
  -1.5173e-06   1.1035e-06   2.6014e-08   8.5720e-04
</covariance>
</state>
<state>
<time>1.4</time>
<index>16</index>
<mean>
 0.998432 0.00143615 0.000138382 0.121502 </mean>
<covariance>   1.0328e-07  -2.7125e-09  -9.5861e-11  -1.6530e-06
  -2.7125e-09   3.6151e-09   2.2453e-10   1.2313e-06
  -9.5861e-11   2.2453e-10   1.0002e-07   3.3896e-08
  -1.6530e-06   1.2313e-06   3.3896e-08   8.6283e-04
</covariance>
</state>
<state>
<time>1.5</time>
<index>17</index>
<mean>
 0.998414 0.00144331 0.000148641 0.121502 </mean>
<covariance>   1.0384e-07  -3.2026e-09  -1.2439e-10  -1.7916e-06
  -3.2026e-09   4.0238e-09   2.5773e-10   1.3611e-06
  -1.2439e-10   2.5773e-10   1.0002e-07   4.2691e-08
  -1.7916e-06   1.3611e-06   4.2691e-08   8.6845e-04
</covariance>
</state>
<state>
<time>1.6</time>
<index>18</index>
<mean>
 0.998397 0.00145051 0.00015895 0.121502 </mean>
<covariance>   1.0445e-07  -3.7414e-09  -1.5829e-10  -1.9332e-06
  -3.7414e-09   4.4762e-09   2.9545e-10   1.4930e-06
  -1.5829e-10   2.9545e-10   1.0003e-07   5.2414e-08
  -1.9332e-06   1.4930e-06   5.2414e-08   8.7408e-04
</covariance>
</state>
<state>
<time>1.7</time>
<index>19</index>
<mean>
 0.998379 0.00145775 0.000169311 0.121502 </mean>
<covariance>   1.0512e-07  -4.3310e-09  -1.9812e-10  -2.0779e-06
  -4.3310e-09   4.9737e-09   3.3818e-10   1.6270e-06
  -1.9812e-10   3.3818e-10   1.0003e-07   6.3078e-08
  -2.0779e-06   1.6270e-06   6.3078e-08   8.7970e-04
</covariance>
</state>
<state>
<time>1.8</time>
<index>20</index>
<mean>
 0.998362 0.00146502 0.000179723 0.121502 </mean>
<covariance>   1.0585e-07  -4.9731e-09  -2.4446e-10  -2.2256e-06
  -4.9731e-09   5.5179e-09   3.8644e-10   1.7631e-06
  -2.4446e-10   3.8644e-10   1.0004e-07   7.4699e-08
  -2.2256e-06   1.7631e-06   7.4699e-08   8.8533e-04
</covariance>
</state>
<state>
<time>1.9</time>
<index>21</index>
<mean>
 0.998344 0.00147232 0.000190188 0.121502 </mean>
<covariance>   1.0665e-07  -5.6700e-09  -2.9791e-10  -2.3764e-06
  -5.6700e-09   6.1101e-09   4.4074e-10   1.9014e-06
  -2.9791e-10   4.4074e-10   1.0004e-07   8.7293e-08
  -2.3764e-06   1.9014e-06   8.7293e-08   8.9095e-04
</covariance>
</state>
<state>
<time>2</time>
<index>22</index>
<mean>
 0.998326 0.00147967 0.000200704 0.121502 </mean>
<covariance>   1.0751e-07  -6.4235e-09  -3.5911e-10  -2.5304e-06
  -6.4235e-09   6.7520e-09   5.0162e-10   2.0418e-06
  -3.5911e-10   5.0162e-10   1.0005e-07   1.0087e-07
  -2.5304e-06   2.0418e-06   1.0087e-07   8.9658e-04
</covariance>
</state>
<state>
<time>2</time>
<index>23</index>
<measurement> 0.000285117</measurement>
<loglik>9.84038</loglik>
<mean>
 0.998322 0.00148436 0.000201053 0.122921 </mean>
<covariance>   1.0413e-07  -2.8759e-09  -9.5544e-11  -1.4576e-06
  -2.8759e-09   3.0230e-09   2.2458e-10   9.1413e-07
  -9.5544e-11   2.2458e-10   1.0003e-07   1.7099e-08
  -1.4576e-06   9.1413e-07   1.7099e-08   5.5559e-04
</covariance>
</state>
<state>
<time>2.1</time>
<index>24</index>
<mean>
 0.998303 0.00149197 0.000211656 0.122921 </mean>
<covariance>   1.0464e-07  -3.2920e-09  -1.2261e-10  -1.5512e-06
  -3.2920e-09   3.3384e-09   2.5094e-10   1.0011e-06
  -1.2261e-10   2.5094e-10   1.0003e-07   2.3629e-08
  -1.5512e-06   1.0011e-06   2.3629e-08   5.6121e-04
</covariance>
</state>
<state>
<time>2.2</time>
<index>25</index>
<mean>
 0.998285 0.00149962 0.000222313 0.122921 </mean>
<covariance>   1.0520e-07  -3.7433e-09  -1.5407e-10  -1.6470e-06
  -3.7433e-09   3.6848e-09   2.8077e-10   1.0898e-06
  -1.5407e-10   2.8077e-10   1.0003e-07   3.0780e-08
  -1.6470e-06   1.0898e-06   3.0780e-08   5.6684e-04
</covariance>
</state>
<state>
<time>2.3</time>
<index>26</index>
<mean>
 0.998267 0.00150732 0.000233024 0.122921 </mean>
<covariance>   1.0580e-07  -4.2312e-09  -1.9035e-10  -1.7452e-06
  -4.2312e-09   4.0633e-09   3.1444e-10   1.1802e-06
  -1.9035e-10   3.1444e-10   1.0004e-07   3.8564e-08
  -1.7452e-06   1.1802e-06   3.8564e-08   5.7246e-04
</covariance>
</state>
<state>
<time>2.4</time>
<index>27</index>
<mean>
 0.998248 0.00151504 0.000243791 0.122921 </mean>
<covariance>   1.0644e-07  -4.7572e-09  -2.3185e-10  -1.8458e-06
  -4.7572e-09   4.4748e-09   3.5229e-10   1.2724e-06
  -2.3185e-10   3.5229e-10   1.0004e-07   4.6994e-08
  -1.8458e-06   1.2724e-06   4.6994e-08   5.7809e-04
</covariance>
</state>
<state>
<time>2.5</time>
<index>28</index>
<mean>
 0.99823 0.00152281 0.000254612 0.122921 </mean>
<covariance>   1.0713e-07  -5.3228e-09  -2.7903e-10  -1.9488e-06
  -5.3228e-09   4.9207e-09   3.9470e-10   1.3663e-06
  -2.7903e-10   3.9470e-10   1.0005e-07   5.6083e-08
  -1.9488e-06   1.3663e-06   5.6083e-08   5.8371e-04
</covariance>
</state>
<state>
<time>2.6</time>
<index>29</index>
<mean>
 0.998211 0.00153062 0.00026549 0.122921 </mean>
<covariance>   1.0787e-07  -5.9297e-09  -3.3232e-10  -2.0543e-06
  -5.9297e-09   5.4021e-09   4.4206e-10   1.4620e-06
  -3.3232e-10   4.4206e-10   1.0005e-07   6.5842e-08
  -2.0543e-06   1.4620e-06   6.5842e-08   5.8934e-04
</covariance>
</state>
<state>
<time>2.7</time>
<index>30</index>
<mean>
 0.998192 0.00153847 0.000276423 0.122921 </mean>
<covariance>   1.0866e-07  -6.5795e-09  -3.9222e-10  -2.1622e-06
  -6.5795e-09   5.9202e-09   4.9476e-10   1.5595e-06
  -3.9222e-10   4.9476e-10   1.0006e-07   7.6285e-08
  -2.1622e-06   1.5595e-06   7.6285e-08   5.9496e-04
</covariance>
</state>
<state>
<time>2.8</time>
<index>31</index>
<mean>
 0.998173 0.00154636 0.000287412 0.122921 </mean>
<covariance>   1.0950e-07  -7.2738e-09  -4.5923e-10  -2.2727e-06
  -7.2738e-09   6.4763e-09   5.5321e-10   1.6588e-06
  -4.5923e-10   5.5321e-10   1.0007e-07   8.7424e-08
  -2.2727e-06   1.6588e-06   8.7424e-08   6.0059e-04
</covariance>
</state>
<state>
<time>2.9</time>
<index>32</index>
<mean>
 0.998154 0.00155429 0.000298457 0.122921 </mean>
<covariance>   1.1040e-07  -8.0143e-09  -5.3385e-10  -2.3857e-06
  -8.0143e-09   7.0716e-09   6.1786e-10   1.7600e-06
  -5.3385e-10   6.1786e-10   1.0008e-07   9.9273e-08
  -2.3857e-06   1.7600e-06   9.9273e-08   6.0621e-04
</covariance>
</state>
<state>
<time>3</time>
<index>33</index>
<mean>
 0.998135 0.00156225 0.000309559 0.122921 </mean>
<covariance>   1.1135e-07  -8.8028e-09  -6.1664e-10  -2.5013e-06
  -8.8028e-09   7.7075e-09   6.8914e-10   1.8630e-06
  -6.1664e-10   6.8914e-10   1.0009e-07   1.1184e-07
  -2.5013e-06   1.8630e-06   1.1184e-07   6.1184e-04
</covariance>
</state>
<state>
<time>3</time>
<index>34</index>
<measurement> 0.000307023</measurement>
<loglik>9.72376</loglik>
<mean>
 0.99811 0.00158472 0.000311568 0.128352 </mean>
<covariance>   1.0574e-07  -3.8896e-09  -1.7733e-10  -1.3137e-06
  -3.8896e-09   3.4056e-09   3.0450e-10   8.2318e-07
  -1.7733e-10   3.0450e-10   1.0005e-07   1.8871e-08
  -1.3137e-06   8.2318e-07   1.8871e-08   3.6049e-04
</covariance>
</state>
<state>
<time>3.1</time>
<index>35</index>
<mean>
 0.998089 0.0015937 0.000322887 0.128352 </mean>
<covariance>   1.0627e-07  -4.3027e-09  -2.1324e-10  -1.3812e-06
  -4.3027e-09   3.7150e-09   3.3460e-10   8.8484e-07
  -2.1324e-10   3.3460e-10   1.0006e-07   2.4751e-08
  -1.3812e-06   8.8484e-07   2.4751e-08   3.6612e-04
</covariance>
</state>
<state>
<time>3.2</time>
<index>36</index>
<mean>
 0.998069 0.00160274 0.000334271 0.128352 </mean>
<covariance>   1.0683e-07  -4.7450e-09  -2.5354e-10  -1.4507e-06
  -4.7450e-09   4.0494e-09   3.6812e-10   9.4807e-07
  -2.5354e-10   3.6812e-10   1.0006e-07   3.1071e-08
  -1.4507e-06   9.4807e-07   3.1071e-08   3.7174e-04
</covariance>
</state>
<state>
<time>3.3</time>
<index>37</index>
<mean>
 0.998048 0.00161182 0.000345719 0.128352 </mean>
<covariance>   1.0742e-07  -5.2177e-09  -2.9856e-10  -1.5223e-06
  -5.2177e-09   4.4098e-09   4.0534e-10   1.0129e-06
  -2.9856e-10   4.0534e-10   1.0007e-07   3.7843e-08
  -1.5223e-06   1.0129e-06   3.7843e-08   3.7737e-04
</covariance>
</state>
<state>
<time>3.4</time>
<index>38</index>
<mean>
 0.998028 0.00162095 0.000357232 0.128352 </mean>
<covariance>   1.0805e-07  -5.7224e-09  -3.4867e-10  -1.5960e-06
  -5.7224e-09   4.7972e-09   4.4656e-10   1.0793e-06
  -3.4867e-10   4.4656e-10   1.0007e-07   4.5078e-08
  -1.5960e-06   1.0793e-06   4.5078e-08   3.8299e-04
</covariance>
</state>
<state>
<time>3.5</time>
<index>39</index>
<mean>
 0.998007 0.00163014 0.00036881 0.128352 </mean>
<covariance>   1.0873e-07  -6.2603e-09  -4.0424e-10  -1.6717e-06
  -6.2603e-09   5.2127e-09   4.9208e-10   1.1473e-06
  -4.0424e-10   4.9208e-10   1.0008e-07   5.2787e-08
  -1.6717e-06   1.1473e-06   5.2787e-08   3.8862e-04
</covariance>
</state>
<state>
<time>3.6</time>
<index>40</index>
<mean>
 0.997986 0.00163938 0.000380454 0.128352 </mean>
<covariance>   1.0944e-07  -6.8329e-09  -4.6565e-10  -1.7496e-06
  -6.8329e-09   5.6574e-09   5.4223e-10   1.2170e-06
  -4.6565e-10   5.4223e-10   1.0009e-07   6.0982e-08
  -1.7496e-06   1.2170e-06   6.0982e-08   3.9424e-04
</covariance>
</state>
<state>
<time>3.7</time>
<index>41</index>
<mean>
 0.997965 0.00164867 0.000392164 0.128352 </mean>
<covariance>   1.1020e-07  -7.4416e-09  -5.3331e-10  -1.8297e-06
  -7.4416e-09   6.1324e-09   5.9733e-10   1.2884e-06
  -5.3331e-10   5.9733e-10   1.0009e-07   6.9675e-08
  -1.8297e-06   1.2884e-06   6.9675e-08   3.9987e-04
</covariance>
</state>
<state>
<time>3.8</time>
<index>42</index>
<mean>
 0.997944 0.00165801 0.00040394 0.128352 </mean>
<covariance>   1.1101e-07  -8.0880e-09  -6.0764e-10  -1.9119e-06
  -8.0880e-09   6.6389e-09   6.5773e-10   1.3614e-06
  -6.0764e-10   6.5773e-10   1.0010e-07   7.8878e-08
  -1.9119e-06   1.3614e-06   7.8878e-08   4.0549e-04
</covariance>
</state>
<state>
<time>3.9</time>
<index>43</index>
<mean>
 0.997923 0.0016674 0.000415783 0.128352 </mean>
<covariance>   1.1186e-07  -8.7737e-09  -6.8909e-10  -1.9964e-06
  -8.7737e-09   7.1782e-09   7.2379e-10   1.4362e-06
  -6.8909e-10   7.2379e-10   1.0011e-07   8.8602e-08
  -1.9964e-06   1.4362e-06   8.8602e-08   4.1112e-04
</covariance>
</state>
<state>
<time>4</time>
<index>44</index>
<mean>
 0.997901 0.00167685 0.000427693 0.128352 </mean>
<covariance>   1.1276e-07  -9.5002e-09  -7.7812e-10  -2.0832e-06
  -9.5002e-09   7.7514e-09   7.9589e-10   1.5127e-06
  -7.7812e-10   7.9589e-10   1.0012e-07   9.8861e-08
  -2.0832e-06   1.5127e-06   9.8861e-08   4.1674e-04
</covariance>
</state>
<state>
<time>4</time>
<index>45</index>
<measurement> 0.000299384</measurement>
<loglik>9.30714</loglik>
<mean>
 0.997975 0.00161695 0.000421543 0.116663 </mean>
<covariance>   1.0666e-07  -4.5181e-09  -2.6658e-10  -1.1109e-06
  -4.5181e-09   3.6864e-09   3.7851e-10   7.1941e-07
  -2.6658e-10   3.7851e-10   1.0008e-07   1.7409e-08
  -1.1109e-06   7.1941e-07   1.7409e-08   2.6193e-04
</covariance>
</state>
<state>
<time>4.1</time>
<index>46</index>
<mean>
 0.997956 0.00162423 0.000433093 0.116663 </mean>
<covariance>   1.0713e-07  -4.8835e-09  -3.0719e-10  -1.1615e-06
  -4.8835e-09   3.9596e-09   4.1030e-10   7.6490e-07
  -3.0719e-10   4.1030e-10   1.0009e-07   2.2548e-08
  -1.1615e-06   7.6490e-07   2.2548e-08   2.6755e-04
</covariance>
</state>
<state>
<time>4.2</time>
<index>47</index>
<mean>
 0.997937 0.00163154 0.000444695 0.116663 </mean>
<covariance>   1.0762e-07  -5.2709e-09  -3.5172e-10  -1.2138e-06
  -5.2709e-09   4.2512e-09   4.4509e-10   8.1168e-07
  -3.5172e-10   4.4509e-10   1.0009e-07   2.8011e-08
  -1.2138e-06   8.1168e-07   2.8011e-08   2.7318e-04
</covariance>
</state>
<state>
<time>4.3</time>
<index>48</index>
<mean>
 0.997918 0.00163888 0.000456348 0.116663 </mean>
<covariance>   1.0815e-07  -5.6814e-09  -4.0040e-10  -1.2677e-06
  -5.6814e-09   4.5621e-09   4.8309e-10   8.5979e-07
  -4.0040e-10   4.8309e-10   1.0010e-07   3.3809e-08
  -1.2677e-06   8.5979e-07   3.3809e-08   2.7880e-04
</covariance>
</state>
<state>
<time>4.4</time>
<index>49</index>
<mean>
 0.997899 0.00164625 0.000468055 0.116663 </mean>
<covariance>   1.0870e-07  -6.1158e-09  -4.5351e-10  -1.3233e-06
  -6.1158e-09   4.8929e-09   5.2452e-10   9.0923e-07
  -4.5351e-10   5.2452e-10   1.0011e-07   3.9950e-08
  -1.3233e-06   9.0923e-07   3.9950e-08   2.8443e-04
</covariance>
</state>
<state>
<time>4.5</time>
<index>50</index>
<mean>
 0.99788 0.00165366 0.000479814 0.116663 </mean>
<covariance>   1.0929e-07  -6.5751e-09  -5.1133e-10  -1.3806e-06
  -6.5751e-09   5.2446e-09   5.6961e-10   9.6002e-07
  -5.1133e-10   5.6961e-10   1.0011e-07   4.6445e-08
  -1.3806e-06   9.6002e-07   4.6445e-08   2.9005e-04
</covariance>
</state>
<state>
<time>4.6</time>
<index>51</index>
<mean>
 0.99786 0.0016611 0.000491625 0.116663 </mean>
<covariance>   1.0991e-07  -7.0605e-09  -5.7414e-10  -1.4396e-06
  -7.0605e-09   5.6178e-09   6.1858e-10   1.0122e-06
  -5.7414e-10   6.1858e-10   1.0012e-07   5.3302e-08
  -1.4396e-06   1.0122e-06   5.3302e-08   2.9568e-04
</covariance>
</state>
<state>
<time>4.7</time>
<index>52</index>
<mean>
 0.997841 0.00166857 0.00050349 0.116663 </mean>
<covariance>   1.1056e-07  -7.5729e-09  -6.4226e-10  -1.5003e-06
  -7.5729e-09   6.0133e-09   6.7169e-10   1.0657e-06
  -6.4226e-10   6.7169e-10   1.0013e-07   6.0532e-08
  -1.5003e-06   1.0657e-06   6.0532e-08   3.0130e-04
</covariance>
</state>
<state>
<time>4.8</time>
<index>53</index>
<mean>
 0.997822 0.00167608 0.000515409 0.116663 </mean>
<covariance>   1.1124e-07  -8.1134e-09  -7.1601e-10  -1.5629e-06
  -8.1134e-09   6.4320e-09   7.2919e-10   1.1206e-06
  -7.1601e-10   7.2919e-10   1.0014e-07   6.8144e-08
  -1.5629e-06   1.1206e-06   6.8144e-08   3.0693e-04
</covariance>
</state>
<state>
<time>4.9</time>
<index>54</index>
<mean>
 0.997802 0.00168361 0.000527381 0.116663 </mean>
<covariance>   1.1196e-07  -8.6832e-09  -7.9570e-10  -1.6272e-06
  -8.6832e-09   6.8748e-09   7.9134e-10   1.1770e-06
  -7.9570e-10   7.9134e-10   1.0015e-07   7.6149e-08
  -1.6272e-06   1.1770e-06   7.6149e-08   3.1255e-04
</covariance>
</state>
<state>
<time>5</time>
<index>55</index>
<mean>
 0.997783 0.00169119 0.000539407 0.116663 </mean>
<covariance>   1.1272e-07  -9.2833e-09  -8.8170e-10  -1.6934e-06
  -9.2833e-09   7.3425e-09   8.5842e-10   1.2348e-06
  -8.8170e-10   8.5842e-10   1.0016e-07   8.4556e-08
  -1.6934e-06   1.2348e-06   8.4556e-08   3.1818e-04
</covariance>
</state>
<state>
<time>5</time>
<index>56</index>
<measurement> 0.000320831</measurement>
<loglik>9.74875</loglik>
<mean>
 0.997793 0.00168277 0.000538423 0.115248 </mean>
<covariance>   1.0677e-07  -4.5801e-09  -3.3184e-10  -9.0248e-07
  -4.5801e-09   3.6226e-09   4.2352e-10   6.0919e-07
  -3.3184e-10   4.2352e-10   1.0011e-07   1.1421e-08
  -9.0248e-07   6.0919e-07   1.1421e-08   2.1298e-04
</covariance>
</state>
<state>
<time>5.1</time>
<index>57</index>
<mean>
 0.997774 0.0016901 0.000550443 0.115248 </mean>
<covariance>   1.0719e-07  -4.9012e-09  -3.7236e-10  -9.4523e-07
  -4.9012e-09   3.8655e-09   4.5399e-10   6.4759e-07
  -3.7236e-10   4.5399e-10   1.0012e-07   1.5772e-08
  -9.4523e-07   6.4759e-07   1.5772e-08   2.1861e-04
</covariance>
</state>
<state>
<time>5.2</time>
<index>58</index>
<mean>
 0.997754 0.00169747 0.000562515 0.115248 </mean>
<covariance>   1.0762e-07  -5.2415e-09  -4.1634e-10  -9.8952e-07
  -5.2415e-09   4.1246e-09   4.8713e-10   6.8725e-07
  -4.1634e-10   4.8713e-10   1.0013e-07   2.0397e-08
  -9.8952e-07   6.8725e-07   2.0397e-08   2.2423e-04
</covariance>
</state>
<state>
<time>5.3</time>
<index>59</index>
<mean>
 0.997735 0.00170486 0.000574639 0.115248 </mean>
<covariance>   1.0808e-07  -5.6020e-09  -4.6400e-10  -1.0354e-06
  -5.6020e-09   4.4006e-09   5.2312e-10   7.2821e-07
  -4.6400e-10   5.2312e-10   1.0013e-07   2.5306e-08
  -1.0354e-06   7.2821e-07   2.5306e-08   2.2986e-04
</covariance>
</state>
<state>
<time>5.4</time>
<index>60</index>
<mean>
 0.997715 0.00171229 0.000586817 0.115248 </mean>
<covariance>   1.0857e-07  -5.9836e-09  -5.1557e-10  -1.0828e-06
  -5.9836e-09   4.6943e-09   5.6215e-10   7.7046e-07
  -5.1557e-10   5.6215e-10   1.0014e-07   3.0508e-08
  -1.0828e-06   7.7046e-07   3.0508e-08   2.3548e-04
</covariance>
</state>
<state>
<time>5.5</time>
<index>61</index>
<mean>
 0.997696 0.00171974 0.000599048 0.115248 </mean>
<covariance>   1.0909e-07  -6.3872e-09  -5.7130e-10  -1.1319e-06
  -6.3872e-09   5.0063e-09   6.0441e-10   8.1402e-07
  -5.7130e-10   6.0441e-10   1.0015e-07   3.6011e-08
  -1.1319e-06   8.1402e-07   3.6011e-08   2.4111e-04
</covariance>
</state>
<state>
<time>5.6</time>
<index>62</index>
<mean>
 0.997676 0.00172723 0.000611331 0.115248 </mean>
<covariance>   1.0963e-07  -6.8137e-09  -6.3145e-10  -1.1826e-06
  -6.8137e-09   5.3374e-09   6.5013e-10   8.5891e-07
  -6.3145e-10   6.5013e-10   1.0016e-07   4.1826e-08
  -1.1826e-06   8.5891e-07   4.1826e-08   2.4673e-04
</covariance>
</state>
<state>
<time>5.7</time>
<index>63</index>
<mean>
 0.997656 0.00173476 0.000623669 0.115248 </mean>
<covariance>   1.1020e-07  -7.2642e-09  -6.9628e-10  -1.2350e-06
  -7.2642e-09   5.6883e-09   6.9950e-10   9.0514e-07
  -6.9628e-10   6.9950e-10   1.0017e-07   4.7961e-08
  -1.2350e-06   9.0514e-07   4.7961e-08   2.5236e-04
</covariance>
</state>
<state>
<time>5.8</time>
<index>64</index>
<mean>
 0.997636 0.00174231 0.00063606 0.115248 </mean>
<covariance>   1.1080e-07  -7.7396e-09  -7.6608e-10  -1.2890e-06
  -7.7396e-09   6.0599e-09   7.5276e-10   9.5274e-07
  -7.6608e-10   7.5276e-10   1.0018e-07   5.4426e-08
  -1.2890e-06   9.5274e-07   5.4426e-08   2.5798e-04
</covariance>
</state>
<state>
<time>5.9</time>
<index>65</index>
<mean>
 0.997616 0.0017499 0.000648505 0.115248 </mean>
<covariance>   1.1143e-07  -8.2409e-09  -8.4115e-10  -1.3448e-06
  -8.2409e-09   6.4529e-09   8.1014e-10   1.0017e-06
  -8.4115e-10   8.1014e-10   1.0019e-07   6.1231e-08
  -1.3448e-06   1.0017e-06   6.1231e-08   2.6361e-04
</covariance>
</state>
<state>
<time>6</time>
<index>66</index>
<mean>
 0.997596 0.00175752 0.000661004 0.115248 </mean>
<covariance>   1.1210e-07  -8.7693e-09  -9.2177e-10  -1.4023e-06
  -8.7693e-09   6.8682e-09   8.7188e-10   1.0521e-06
  -9.2177e-10   8.7188e-10   1.0020e-07   6.8386e-08
  -1.4023e-06   1.0521e-06   6.8386e-08   2.6923e-04
</covariance>
</state>
<state>
<time>6</time>
<index>67</index>
<measurement> 0.000359542</measurement>
<loglik>9.26876</loglik>
<mean>
 0.997524 0.00181359 0.000668122 0.123836 </mean>
<covariance>   1.0683e-07  -4.6413e-09  -3.9774e-10  -7.6999e-07
  -4.6413e-09   3.6351e-09   4.6145e-10   5.5682e-07
  -3.9774e-10   4.6145e-10   1.0015e-07   5.5187e-09
  -7.6999e-07   5.5682e-07   5.5187e-09   1.9337e-04
</covariance>
</state>
<state>
<time>6.1</time>
<index>68</index>
<mean>
 0.997502 0.00182303 0.000681076 0.123836 </mean>
<covariance>   1.0723e-07  -4.9562e-09  -4.3863e-10  -8.1183e-07
  -4.9562e-09   3.8817e-09   4.9167e-10   5.9468e-07
  -4.3863e-10   4.9167e-10   1.0015e-07   9.4959e-09
  -8.1183e-07   5.9468e-07   9.4959e-09   1.9900e-04
</covariance>
</state>
<state>
<time>6.2</time>
<index>69</index>
<mean>
 0.997479 0.00183253 0.000694098 0.123836 </mean>
<covariance>   1.0765e-07  -5.2920e-09  -4.8293e-10  -8.5534e-07
  -5.2920e-09   4.1460e-09   5.2459e-10   6.3395e-07
  -4.8293e-10   5.2459e-10   1.0016e-07   1.3744e-08
  -8.5534e-07   6.3395e-07   1.3744e-08   2.0462e-04
</covariance>
</state>
<state>
<time>6.3</time>
<index>70</index>
<mean>
 0.997457 0.00184208 0.000707187 0.123836 </mean>
<covariance>   1.0810e-07  -5.6496e-09  -5.3091e-10  -9.0056e-07
  -5.6496e-09   4.4289e-09   5.6042e-10   6.7463e-07
  -5.3091e-10   5.6042e-10   1.0017e-07   1.8272e-08
  -9.0056e-07   6.7463e-07   1.8272e-08   2.1025e-04
</covariance>
</state>
<state>
<time>6.4</time>
<index>71</index>
<mean>
 0.997434 0.00185167 0.000720345 0.123836 </mean>
<covariance>   1.0858e-07  -6.0301e-09  -5.8280e-10  -9.4750e-07
  -6.0301e-09   4.7312e-09   5.9937e-10   7.1676e-07
  -5.8280e-10   5.9937e-10   1.0018e-07   2.3091e-08
  -9.4750e-07   7.1676e-07   2.3091e-08   2.1587e-04
</covariance>
</state>
<state>
<time>6.5</time>
<index>72</index>
<mean>
 0.997411 0.00186132 0.000733571 0.123836 </mean>
<covariance>   1.0908e-07  -6.4346e-09  -6.3889e-10  -9.9620e-07
  -6.4346e-09   5.0538e-09   6.4165e-10   7.6034e-07
  -6.3889e-10   6.4165e-10   1.0019e-07   2.8210e-08
  -9.9620e-07   7.6034e-07   2.8210e-08   2.2150e-04
</covariance>
</state>
<state>
<time>6.6</time>
<index>73</index>
<mean>
 0.997388 0.00187101 0.000746866 0.123836 </mean>
<covariance>   1.0962e-07  -6.8645e-09  -6.9945e-10  -1.0467e-06
  -6.8645e-09   5.3977e-09   6.8751e-10   8.0540e-07
  -6.9945e-10   6.8751e-10   1.0020e-07   3.3641e-08
  -1.0467e-06   8.0540e-07   3.3641e-08   2.2712e-04
</covariance>
</state>
<state>
<time>6.7</time>
<index>74</index>
<mean>
 0.997365 0.00188076 0.000760231 0.123836 </mean>
<covariance>   1.1019e-07  -7.3207e-09  -7.6479e-10  -1.0990e-06
  -7.3207e-09   5.7638e-09   7.3718e-10   8.5195e-07
  -7.6479e-10   7.3718e-10   1.0021e-07   3.9394e-08
  -1.0990e-06   8.5195e-07   3.9394e-08   2.3275e-04
</covariance>
</state>
<state>
<time>6.8</time>
<index>75</index>
<mean>
 0.997342 0.00189055 0.000773665 0.123836 </mean>
<covariance>   1.1079e-07  -7.8046e-09  -8.3520e-10  -1.1532e-06
  -7.8046e-09   6.1531e-09   7.9092e-10   9.0002e-07
  -8.3520e-10   7.9092e-10   1.0022e-07   4.5480e-08
  -1.1532e-06   9.0002e-07   4.5480e-08   2.3837e-04
</covariance>
</state>
<state>
<time>6.9</time>
<index>76</index>
<mean>
 0.997318 0.0019004 0.000787169 0.123836 </mean>
<covariance>   1.1142e-07  -8.3174e-09  -9.1103e-10  -1.2092e-06
  -8.3174e-09   6.5667e-09   8.4898e-10   9.4963e-07
  -9.1103e-10   8.4898e-10   1.0023e-07   5.1908e-08
  -1.2092e-06   9.4963e-07   5.1908e-08   2.4400e-04
</covariance>
</state>
<state>
<time>7</time>
<index>77</index>
<mean>
 0.997295 0.0019103 0.000800743 0.123836 </mean>
<covariance>   1.1210e-07  -8.8605e-09  -9.9260e-10  -1.2671e-06
  -8.8605e-09   7.0054e-09   9.1166e-10   1.0008e-06
  -9.9260e-10   9.1166e-10   1.0024e-07   5.8691e-08
  -1.2671e-06   1.0008e-06   5.8691e-08   2.4962e-04
</covariance>
</state>
<state>
<time>7</time>
<index>78</index>
<measurement> 0.000376478</measurement>
<loglik>9.61194</loglik>
<mean>
 0.997265 0.00193407 0.000803836 0.127232 </mean>
<covariance>   1.0723e-07  -5.0119e-09  -4.9177e-10  -7.1733e-07
  -5.0119e-09   3.9626e-09   5.1568e-10   5.6610e-07
  -4.9177e-10   5.1568e-10   1.0019e-07   2.1223e-09
  -7.1733e-07   5.6610e-07   2.1223e-09   1.8752e-04
</covariance>
</state>
<state>
<time>7.1</time>
<index>79</index>
<mean>
 0.99724 0.00194479 0.000817651 0.127232 </mean>
<covariance>   1.0764e-07  -5.3440e-09  -5.3565e-10  -7.6067e-07
  -5.3440e-09   4.2330e-09   5.4817e-10   6.0539e-07
  -5.3565e-10   5.4817e-10   1.0020e-07   6.1658e-09
  -7.6067e-07   6.0539e-07   6.1658e-09   1.9315e-04
</covariance>
</state>
<state>
<time>7.2</time>
<index>80</index>
<mean>
 0.997216 0.00195558 0.000831542 0.127232 </mean>
<covariance>   1.0807e-07  -5.6992e-09  -5.8318e-10  -8.0579e-07
  -5.6992e-09   4.5232e-09   5.8364e-10   6.4618e-07
  -5.8318e-10   5.8364e-10   1.0021e-07   1.0490e-08
  -8.0579e-07   6.4618e-07   1.0490e-08   1.9877e-04
</covariance>
</state>
<state>
<time>7.3</time>
<index>81</index>
<mean>
 0.997191 0.00196642 0.000845511 0.127232 </mean>
<covariance>   1.0854e-07  -6.0787e-09  -6.3463e-10  -8.5273e-07
  -6.0787e-09   4.8342e-09   6.2229e-10   6.8851e-07
  -6.3463e-10   6.2229e-10   1.0021e-07   1.5106e-08
  -8.5273e-07   6.8851e-07   1.5106e-08   2.0440e-04
</covariance>
</state>
<state>
<time>7.4</time>
<index>82</index>
<mean>
 0.997166 0.00197732 0.000859557 0.127232 </mean>
<covariance>   1.0903e-07  -6.4837e-09  -6.9029e-10  -9.0152e-07
  -6.4837e-09   5.1670e-09   6.6437e-10   7.3239e-07
  -6.9029e-10   6.6437e-10   1.0022e-07   2.0024e-08
  -9.0152e-07   7.3239e-07   2.0024e-08   2.1002e-04
</covariance>
</state>
<state>
<time>7.5</time>
<index>83</index>
<mean>
 0.997141 0.00198829 0.000873681 0.127232 </mean>
<covariance>   1.0956e-07  -6.9156e-09  -7.5046e-10  -9.5220e-07
  -6.9156e-09   5.5227e-09   7.1013e-10   7.7783e-07
  -7.5046e-10   7.1013e-10   1.0023e-07   2.5255e-08
  -9.5220e-07   7.7783e-07   2.5255e-08   2.1565e-04
</covariance>
</state>
<state>
<time>7.6</time>
<index>84</index>
<mean>
 0.997116 0.00199931 0.000887883 0.127232 </mean>
<covariance>   1.1012e-07  -7.3758e-09  -8.1546e-10  -1.0048e-06
  -7.3758e-09   5.9024e-09   7.5982e-10   8.2488e-07
  -8.1546e-10   7.5982e-10   1.0024e-07   3.0811e-08
  -1.0048e-06   8.2488e-07   3.0811e-08   2.2127e-04
</covariance>
</state>
<state>
<time>7.7</time>
<index>85</index>
<mean>
 0.99709 0.00201039 0.000902163 0.127232 </mean>
<covariance>   1.1072e-07  -7.8655e-09  -8.8561e-10  -1.0594e-06
  -7.8655e-09   6.3071e-09   8.1372e-10   8.7354e-07
  -8.8561e-10   8.1372e-10   1.0025e-07   3.6703e-08
  -1.0594e-06   8.7354e-07   3.6703e-08   2.2690e-04
</covariance>
</state>
<state>
<time>7.8</time>
<index>86</index>
<mean>
 0.997065 0.00202154 0.000916523 0.127232 </mean>
<covariance>   1.1135e-07  -8.3863e-09  -9.6127e-10  -1.1159e-06
  -8.3863e-09   6.7381e-09   8.7212e-10   9.2383e-07
  -9.6127e-10   8.7212e-10   1.0027e-07   4.2942e-08
  -1.1159e-06   9.2383e-07   4.2942e-08   2.3252e-04
</covariance>
</state>
<state>
<time>7.9</time>
<index>87</index>
<mean>
 0.997039 0.00203274 0.000930963 0.127232 </mean>
<covariance>   1.1202e-07  -8.9396e-09  -1.0428e-09  -1.1744e-06
  -8.9396e-09   7.1965e-09   9.3531e-10   9.7579e-07
  -1.0428e-09   9.3531e-10   1.0028e-07   4.9541e-08
  -1.1744e-06   9.7579e-07   4.9541e-08   2.3815e-04
</covariance>
</state>
<state>
<time>8</time>
<index>88</index>
<mean>
 0.997013 0.00204401 0.000945482 0.127232 </mean>
<covariance>   1.1274e-07  -9.5269e-09  -1.1306e-09  -1.2351e-06
  -9.5269e-09   7.6835e-09   1.0036e-09   1.0294e-06
  -1.1306e-09   1.0036e-09   1.0029e-07   5.6511e-08
  -1.2351e-06   1.0294e-06   5.6511e-08   2.4377e-04
</covariance>
</state>
<state>
<time>8</time>
<index>89</index>
<measurement> 0.000365294</measurement>
<loglik>9.12594</loglik>
<mean>
 0.997085 0.00198579 0.000937878 0.119432 </mean>
<covariance>   1.0773e-07  -5.4891e-09  -6.0319e-10  -6.9407e-07
  -5.4891e-09   4.4269e-09   5.7824e-10   5.9312e-07
  -6.0319e-10   5.7824e-10   1.0024e-07  -4.7921e-10
  -6.9407e-07   5.9312e-07  -4.7921e-10   1.8531e-04
</covariance>
</state>
<state>
<time>8.1</time>
<index>90</index>
<mean>
 0.997062 0.00199525 0.000952062 0.119432 </mean>
<covariance>   1.0814e-07  -5.8296e-09  -6.5038e-10  -7.3780e-07
  -5.8296e-09   4.7122e-09   6.1350e-10   6.3263e-07
  -6.5038e-10   6.1350e-10   1.0025e-07   3.7574e-09
  -7.3780e-07   6.3263e-07   3.7574e-09   1.9094e-04
</covariance>
</state>
<state>
<time>8.2</time>
<index>91</index>
<mean>
 0.997038 0.00200476 0.000966314 0.119432 </mean>
<covariance>   1.0858e-07  -6.1933e-09  -7.0136e-10  -7.8331e-07
  -6.1933e-09   5.0174e-09   6.5187e-10   6.7361e-07
  -7.0136e-10   6.5187e-10   1.0025e-07   8.2762e-09
  -7.8331e-07   6.7361e-07   8.2762e-09   1.9656e-04
</covariance>
</state>
<state>
<time>8.3</time>
<index>92</index>
<mean>
 0.997014 0.00201431 0.000980634 0.119432 </mean>
<covariance>   1.0905e-07  -6.5814e-09  -7.5639e-10  -8.3060e-07
  -6.5814e-09   5.3435e-09   6.9358e-10   7.1609e-07
  -7.5639e-10   6.9358e-10   1.0026e-07   1.3088e-08
  -8.3060e-07   7.1609e-07   1.3088e-08   2.0219e-04
</covariance>
</state>
<state>
<time>8.4</time>
<index>93</index>
<mean>
 0.99699 0.00202391 0.000995022 0.119432 </mean>
<covariance>   1.0954e-07  -6.9951e-09  -8.1575e-10  -8.7971e-07
  -6.9951e-09   5.6913e-09   7.3887e-10   7.6009e-07
  -8.1575e-10   7.3887e-10   1.0027e-07   1.8203e-08
  -8.7971e-07   7.6009e-07   1.8203e-08   2.0781e-04
</covariance>
</state>
<state>
<time>8.5</time>
<index>94</index>
<mean>
 0.996966 0.00203355 0.00100948 0.119432 </mean>
<covariance>   1.1007e-07  -7.4356e-09  -8.7974e-10  -9.3067e-07
  -7.4356e-09   6.0620e-09   7.8799e-10   8.0562e-07
  -8.7974e-10   7.8799e-10   1.0029e-07   2.3632e-08
  -9.3067e-07   8.0562e-07   2.3632e-08   2.1344e-04
</covariance>
</state>
<state>
<time>8.6</time>
<index>95</index>
<mean>
 0.996942 0.00204324 0.001024 0.119432 </mean>
<covariance>   1.1064e-07  -7.9042e-09  -9.4869e-10  -9.8352e-07
  -7.9042e-09   6.4565e-09   8.4118e-10   8.5271e-07
  -9.4869e-10   8.4118e-10   1.0030e-07   2.9386e-08
  -9.8352e-07   8.5271e-07   2.9386e-08   2.1906e-04
</covariance>
</state>
<state>
<time>8.7</time>
<index>96</index>
<mean>
 0.996918 0.00205298 0.0010386 0.119432 </mean>
<covariance>   1.1123e-07  -8.4022e-09  -1.0229e-09  -1.0383e-06
  -8.4022e-09   6.8759e-09   8.9873e-10   9.0137e-07
  -1.0229e-09   8.9873e-10   1.0031e-07   3.5477e-08
  -1.0383e-06   9.0137e-07   3.5477e-08   2.2469e-04
</covariance>
</state>
<state>
<time>8.8</time>
<index>97</index>
<mean>
 0.996893 0.00206276 0.00105326 0.119432 </mean>
<covariance>   1.1187e-07  -8.9310e-09  -1.1028e-09  -1.0950e-06
  -8.9310e-09   7.3213e-09   9.6091e-10   9.5162e-07
  -1.1028e-09   9.6091e-10   1.0032e-07   4.1915e-08
  -1.0950e-06   9.5162e-07   4.1915e-08   2.3031e-04
</covariance>
</state>
<state>
<time>8.9</time>
<index>98</index>
<mean>
 0.996869 0.00207258 0.001068 0.119432 </mean>
<covariance>   1.1254e-07  -9.4920e-09  -1.1886e-09  -1.1536e-06
  -9.4920e-09   7.7937e-09   1.0280e-09   1.0035e-06
  -1.1886e-09   1.0280e-09   1.0034e-07   4.8713e-08
  -1.1536e-06   1.0035e-06   4.8713e-08   2.3594e-04
</covariance>
</state>
<state>
<time>9</time>
<index>99</index>
<mean>
 0.996844 0.00208245 0.0010828 0.119432 </mean>
<covariance>   1.1325e-07  -1.0087e-08  -1.2808e-09  -1.2143e-06
  -1.0087e-08   8.2944e-09   1.1004e-09   1.0570e-06
  -1.2808e-09   1.1004e-09   1.0035e-07   5.5880e-08
  -1.2143e-06   1.0570e-06   5.5880e-08   2.4156e-04
</covariance>
</state>
<state>
<time>9</time>
<index>100</index>
<measurement> 0.000404617</measurement>
<loglik>9.59666</loglik>
<mean>
 0.996828 0.00209521 0.00108449 0.121058 </mean>
<covariance>   1.0794e-07  -5.7146e-09  -7.0082e-10  -6.5715e-07
  -5.7146e-09   4.6992e-09   6.2342e-10   5.9884e-07
  -7.0082e-10   6.2342e-10   1.0029e-07  -4.8992e-09
  -6.5715e-07   5.9884e-07  -4.8992e-09   1.8318e-04
</covariance>
</state>
<state>
<time>9.1</time>
<index>101</index>
<mean>
 0.996803 0.00210553 0.00109946 0.121058 </mean>
<covariance>   1.0836e-07  -6.0693e-09  -7.4942e-10  -7.0262e-07
  -6.0693e-09   5.0047e-09   6.6007e-10   6.4003e-07
  -7.4942e-10   6.6007e-10   1.0030e-07  -6.2177e-10
  -7.0262e-07   6.4003e-07  -6.2177e-10   1.8881e-04
</covariance>
</state>
<state>
<time>9.2</time>
<index>102</index>
<mean>
 0.996778 0.0021159 0.0011145 0.121058 </mean>
<covariance>   1.0880e-07  -6.4493e-09  -8.0197e-10  -7.4995e-07
  -6.4493e-09   5.3321e-09   7.0005e-10   6.8279e-07
  -8.0197e-10   7.0005e-10   1.0031e-07   3.9499e-09
  -7.4995e-07   6.8279e-07   3.9499e-09   1.9443e-04
</covariance>
</state>
<state>
<time>9.3</time>
<index>103</index>
<mean>
 0.996752 0.00212632 0.00112961 0.121058 </mean>
<covariance>   1.0928e-07  -6.8560e-09  -8.5879e-10  -7.9918e-07
  -6.8560e-09   5.6824e-09   7.4361e-10   7.2714e-07
  -8.5879e-10   7.4361e-10   1.0032e-07   8.8270e-09
  -7.9918e-07   7.2714e-07   8.8270e-09   2.0006e-04
</covariance>
</state>
<state>
<time>9.4</time>
<index>104</index>
<mean>
 0.996727 0.00213679 0.0011448 0.121058 </mean>
<covariance>   1.0979e-07  -7.2908e-09  -9.2017e-10  -8.5033e-07
  -7.2908e-09   6.0569e-09   7.9101e-10   7.7310e-07
  -9.2017e-10   7.9101e-10   1.0033e-07   1.4021e-08
  -8.5033e-07   7.7310e-07   1.4021e-08   2.0568e-04
</covariance>
</state>
<state>
<time>9.5</time>
<index>105</index>
<mean>
 0.996701 0.00214731 0.00116006 0.121058 </mean>
<covariance>   1.1034e-07  -7.7550e-09  -9.8645e-10  -9.0344e-07
  -7.7550e-09   6.4566e-09   8.4252e-10   8.2069e-07
  -9.8645e-10   8.4252e-10   1.0034e-07   1.9543e-08
  -9.0344e-07   8.2069e-07   1.9543e-08   2.1131e-04
</covariance>
</state>
<state>
<time>9.6</time>
<index>106</index>
<mean>
 0.996675 0.00215788 0.0011754 0.121058 </mean>
<covariance>   1.1092e-07  -8.2500e-09  -1.0580e-09  -9.5854e-07
  -8.2500e-09   6.8826e-09   8.9842e-10   8.6993e-07
  -1.0580e-09   8.9842e-10   1.0035e-07   2.5405e-08
  -9.5854e-07   8.6993e-07   2.5405e-08   2.1693e-04
</covariance>
</state>
<state>
<time>9.7</time>
<index>107</index>
<mean>
 0.996649 0.0021685 0.00119081 0.121058 </mean>
<covariance>   1.1155e-07  -8.7774e-09  -1.1351e-09  -1.0157e-06
  -8.7774e-09   7.3361e-09   9.5902e-10   9.2084e-07
  -1.1351e-09   9.5902e-10   1.0037e-07   3.1619e-08
  -1.0157e-06   9.2084e-07   3.1619e-08   2.2256e-04
</covariance>
</state>
<state>
<time>9.8</time>
<index>108</index>
<mean>
 0.996623 0.00217918 0.0012063 0.121058 </mean>
<covariance>   1.1221e-07  -9.3387e-09  -1.2182e-09  -1.0749e-06
  -9.3387e-09   7.8184e-09   1.0246e-09   9.7345e-07
  -1.2182e-09   1.0246e-09   1.0038e-07   3.8196e-08
  -1.0749e-06   9.7345e-07   3.8196e-08   2.2818e-04
</covariance>
</state>
<state>
<time>9.9</time>
<index>109</index>
<mean>
 0.996596 0.0021899 0.00122187 0.121058 </mean>
<covariance>   1.1291e-07  -9.9354e-09  -1.3077e-09  -1.1361e-06
  -9.9354e-09   8.3308e-09   1.0956e-09   1.0278e-06
  -1.3077e-09   1.0956e-09   1.0039e-07   4.5150e-08
  -1.1361e-06   1.0278e-06   4.5150e-08   2.3381e-04
</covariance>
</state>
<state>
<time>10</time>
<index>110</index>
<mean>
 0.99657 0.00220068 0.00123751 0.121058 </mean>
<covariance>   1.1366e-07  -1.0569e-08  -1.4041e-09  -1.1995e-06
  -1.0569e-08   8.8744e-09   1.1722e-09   1.0838e-06
  -1.4041e-09   1.1722e-09   1.0041e-07   5.2491e-08
  -1.1995e-06   1.0838e-06   5.2491e-08   2.3943e-04
</covariance>
</state>
<state>
<time>10</time>
<index>111</index>
<measurement> 0.000475053</measurement>
<loglik>7.7202</loglik>
<mean>
 0.996429 0.00231862 0.00125309 0.135462 </mean>
<covariance>   1.0833e-07  -6.0989e-09  -8.1360e-10  -6.5356e-07
  -6.0989e-09   5.1209e-09   6.7639e-10   6.2542e-07
  -8.1360e-10   6.7639e-10   1.0035e-07  -8.0580e-09
  -6.5356e-07   6.2542e-07  -8.0580e-09   1.8345e-04
</covariance>
</state>
<state>
<time>10.1</time>
<index>112</index>
<mean>
 0.996398 0.00233336 0.00126965 0.135462 </mean>
<covariance>   1.0881e-07  -6.5118e-09  -8.6594e-10  -7.0437e-07
  -6.5118e-09   5.4864e-09   7.1665e-10   6.7175e-07
  -8.6594e-10   7.1665e-10   1.0036e-07  -3.5907e-09
  -7.0437e-07   6.7175e-07  -3.5907e-09   1.8907e-04
</covariance>
</state>
<state>
<time>10.2</time>
<index>113</index>
<mean>
