<?xml version="1.0"?>
<root>
<parameters> 0.222725 0.00249022 0.120051 0.00113362</parameters>
<dataPoints>365</dataPoints>
<states>
<state>
<time>0</time>
<index>0</index>
<mean>
 0.999 0.001 0 0.155 </mean>
<covariance>   1.0000e-07            0            0            0
            0   1.0000e-07            0            0
            0            0   1.0000e-07            0
            0            0            0   1.0000e-03
</covariance>
</state>
<state>
<time>0</time>
<index>1</index>
<measurement> 0.000283836</measurement>
<loglik>8.26235</loglik>
<mean>
 0.999 0.00126769 0 0.155 </mean>
<covariance>   1.0000e-07            0            0            0
            0   2.4390e-09            0            0
            0            0   1.0000e-07            0
            0            0            0   1.0000e-03
</covariance>
</state>
<state>
<time>0.1</time>
<index>2</index>
<mean>
 0.998853 0.00113912 8.09729e-06 0.120051 </mean>
<covariance>   1.0001e-07  -5.2155e-11  -2.6977e-13  -1.2664e-07
  -5.2155e-11   2.4959e-09   1.7567e-11   1.2664e-07
  -2.6977e-13   1.7567e-11   1.0000e-07            0
  -1.2664e-07   1.2664e-07            0   1.0006e-03
</covariance>
</state>
<state>
<time>0.2</time>
<index>3</index>
<mean>
 0.998839 0.00114464 1.62338e-05 0.120051 </mean>
<covariance>   1.0005e-07  -1.2313e-10  -1.1697e-12  -2.4201e-07
  -1.2313e-10   2.5621e-09   3.5670e-11   2.4111e-07
  -1.1697e-12   3.5670e-11   1.0000e-07   9.0458e-10
  -2.4201e-07   2.4111e-07   9.0458e-10   1.0012e-03
</covariance>
</state>
<state>
<time>0.3</time>
<index>4</index>
<mean>
 0.998825 0.00115019 2.44098e-05 0.120051 </mean>
<covariance>   1.0012e-07  -2.2201e-10  -2.9966e-12  -3.5937e-07
  -2.2201e-10   2.6555e-09   5.4532e-11   3.5674e-07
  -2.9966e-12   5.4532e-11   1.0000e-07   2.6268e-09
  -3.5937e-07   3.5674e-07   2.6268e-09   1.0019e-03
</covariance>
</state>
<state>
<time>0.4</time>
<index>5</index>
<mean>
 0.998812 0.00115577 3.26255e-05 0.120051 </mean>
<covariance>   1.0022e-07  -3.4988e-10  -6.0582e-12  -4.7874e-07
  -3.4988e-10   2.7769e-09   7.4451e-11   4.7357e-07
  -6.0582e-12   7.4451e-11   1.0000e-07   5.1749e-09
  -4.7874e-07   4.7357e-07   5.1749e-09   1.0025e-03
</covariance>
</state>
<state>
<time>0.5</time>
<index>6</index>
<mean>
 0.998798 0.00116137 4.0881e-05 0.120051 </mean>
<covariance>   1.0035e-07  -5.0785e-10  -1.0676e-11  -6.0014e-07
  -5.0785e-10   2.9271e-09   9.5730e-11   5.9158e-07
  -1.0676e-11   9.5730e-11   1.0000e-07   8.5576e-09
  -6.0014e-07   5.9158e-07   8.5576e-09   1.0031e-03
</covariance>
</state>
<state>
<time>0.6</time>
<index>7</index>
<mean>
 0.998784 0.001167 4.91764e-05 0.120051 </mean>
<covariance>   1.0052e-07  -6.9706e-10  -1.7184e-11  -7.2358e-07
  -6.9706e-10   3.1069e-09   1.1869e-10   7.1080e-07
  -1.7184e-11   1.1869e-10   1.0000e-07   1.2783e-08
  -7.2358e-07   7.1080e-07   1.2783e-08   1.0037e-03
</covariance>
</state>
<state>
<time>0.7</time>
<index>8</index>
<mean>
 0.99877 0.00117266 5.75122e-05 0.120051 </mean>
<covariance>   1.0072e-07  -9.1867e-10  -2.5934e-11  -8.4908e-07
  -9.1867e-10   3.3172e-09   1.4364e-10   8.3122e-07
  -2.5934e-11   1.4364e-10   1.0001e-07   1.7860e-08
  -8.4908e-07   8.3122e-07   1.7860e-08   1.0043e-03
</covariance>
</state>
<state>
<time>0.8</time>
<index>9</index>
<mean>
 0.998756 0.00117834 6.58883e-05 0.120051 </mean>
<covariance>   1.0095e-07  -1.1739e-09  -3.7289e-11  -9.7667e-07
  -1.1739e-09   3.5589e-09   1.7094e-10   9.5287e-07
  -3.7289e-11   1.7094e-10   1.0001e-07   2.3798e-08
  -9.7667e-07   9.5287e-07   2.3798e-08   1.0050e-03
</covariance>
</state>
<state>
<time>0.9</time>
<index>10</index>
<mean>
 0.998742 0.00118405 7.4305e-05 0.120051 </mean>
<covariance>   1.0122e-07  -1.4639e-09  -5.1629e-11  -1.1064e-06
  -1.4639e-09   3.8327e-09   2.0091e-10   1.0757e-06
  -5.1629e-11   2.0091e-10   1.0001e-07   3.0604e-08
  -1.1064e-06   1.0757e-06   3.0604e-08   1.0056e-03
</covariance>
</state>
<state>
<time>1</time>
<index>11</index>
<mean>
 0.998727 0.00118979 8.27625e-05 0.120051 </mean>
<covariance>   1.0154e-07  -1.7899e-09  -6.9349e-11  -1.2382e-06
  -1.7899e-09   4.1396e-09   2.3392e-10   1.1999e-06
  -6.9349e-11   2.3392e-10   1.0001e-07   3.8288e-08
  -1.2382e-06   1.1999e-06   3.8288e-08   1.0062e-03
</covariance>
</state>
<state>
<time>1</time>
<index>12</index>
<measurement> 0.000272044</measurement>
<loglik>9.86008</loglik>
<mean>
 0.99872 0.00120685 8.37265e-05 0.124995 </mean>
<covariance>   1.0112e-07  -8.2497e-10  -1.4822e-11  -9.5845e-07
  -8.2497e-10   1.9079e-09   1.0781e-10   5.5301e-07
  -1.4822e-11   1.0781e-10   1.0001e-07   1.7357e-09
  -9.5845e-07   5.5301e-07   1.7357e-09   8.1871e-04
</covariance>
</state>
<state>
<time>1.1</time>
<index>13</index>
<mean>
 0.998705 0.0012133 9.23469e-05 0.124995 </mean>
<covariance>   1.0138e-07  -1.0470e-09  -2.2915e-11  -1.0640e-06
  -1.0470e-09   2.0742e-09   1.2277e-10   6.5462e-07
  -2.2915e-11   1.2277e-10   1.0001e-07   5.6857e-09
  -1.0640e-06   6.5462e-07   5.6857e-09   8.1933e-04
</covariance>
</state>
<state>
<time>1.2</time>
<index>14</index>
<mean>
 0.99869 0.00121978 0.000101013 0.124995 </mean>
<covariance>   1.0168e-07  -1.2988e-09  -3.3367e-11  -1.1715e-06
  -1.2988e-09   2.2679e-09   1.3958e-10   7.5738e-07
  -3.3367e-11   1.3958e-10   1.0001e-07   1.0362e-08
  -1.1715e-06   7.5738e-07   1.0362e-08   8.1995e-04
</covariance>
</state>
<state>
<time>1.3</time>
<index>15</index>
<mean>
 0.998675 0.00122629 0.000109726 0.124995 </mean>
<covariance>   1.0201e-07  -1.5814e-09  -4.6509e-11  -1.2808e-06
  -1.5814e-09   2.4899e-09   1.5853e-10   8.6130e-07
  -4.6509e-11   1.5853e-10   1.0001e-07   1.5772e-08
  -1.2808e-06   8.6130e-07   1.5772e-08   8.2057e-04
</covariance>
</state>
<state>
<time>1.4</time>
<index>16</index>
<mean>
 0.998659 0.00123284 0.000118485 0.124995 </mean>
<covariance>   1.0237e-07  -1.8960e-09  -6.2690e-11  -1.3920e-06
  -1.8960e-09   2.7409e-09   1.7994e-10   9.6637e-07
  -6.2690e-11   1.7994e-10   1.0002e-07   2.1924e-08
  -1.3920e-06   9.6637e-07   2.1924e-08   8.2119e-04
</covariance>
</state>
<state>
<time>1.5</time>
<index>17</index>
<mean>
 0.998644 0.00123942 0.000127291 0.124995 </mean>
<covariance>   1.0277e-07  -2.2439e-09  -8.2271e-11  -1.5052e-06
  -2.2439e-09   3.0218e-09   2.0413e-10   1.0726e-06
  -8.2271e-11   2.0413e-10   1.0002e-07   2.8826e-08
  -1.5052e-06   1.0726e-06   2.8826e-08   8.2181e-04
</covariance>
</state>
<state>
<time>1.6</time>
<index>18</index>
<mean>
 0.998628 0.00124604 0.000136144 0.124995 </mean>
<covariance>   1.0322e-07  -2.6261e-09  -1.0563e-10  -1.6202e-06
  -2.6261e-09   3.3336e-09   2.3144e-10   1.1800e-06
  -1.0563e-10   2.3144e-10   1.0002e-07   3.6488e-08
  -1.6202e-06   1.1800e-06   3.6488e-08   8.2243e-04
</covariance>
</state>
<state>
<time>1.7</time>
<index>19</index>
<mean>
 0.998613 0.00125269 0.000145045 0.124995 </mean>
<covariance>   1.0370e-07  -3.0441e-09  -1.3316e-10  -1.7373e-06
  -3.0441e-09   3.6772e-09   2.6220e-10   1.2886e-06
  -1.3316e-10   2.6220e-10   1.0002e-07   4.4917e-08
  -1.7373e-06   1.2886e-06   4.4917e-08   8.2305e-04
</covariance>
</state>
<state>
<time>1.8</time>
<index>20</index>
<mean>
 0.998597 0.00125938 0.000153992 0.124995 </mean>
<covariance>   1.0422e-07  -3.4991e-09  -1.6527e-10  -1.8563e-06
  -3.4991e-09   4.0535e-09   2.9677e-10   1.3985e-06
  -1.6527e-10   2.9677e-10   1.0003e-07   5.4121e-08
  -1.8563e-06   1.3985e-06   5.4121e-08   8.2367e-04
</covariance>
</state>
<state>
<time>1.9</time>
<index>21</index>
<mean>
 0.998582 0.00126611 0.000162988 0.124995 </mean>
<covariance>   1.0479e-07  -3.9925e-09  -2.0239e-10  -1.9773e-06
  -3.9925e-09   4.4634e-09   3.3552e-10   1.5095e-06
  -2.0239e-10   3.3552e-10   1.0003e-07   6.4110e-08
  -1.9773e-06   1.5095e-06   6.4110e-08   8.2429e-04
</covariance>
</state>
<state>
<time>2</time>
<index>22</index>
<mean>
 0.998566 0.00127287 0.000172032 0.124995 </mean>
<covariance>   1.0541e-07  -4.5255e-09  -2.4496e-10  -2.1003e-06
  -4.5255e-09   4.9080e-09   3.7883e-10   1.6217e-06
  -2.4496e-10   3.7883e-10   1.0004e-07   7.4892e-08
  -2.1003e-06   1.6217e-06   7.4892e-08   8.2491e-04
</covariance>
</state>
<state>
<time>2</time>
<index>23</index>
<measurement> 0.000285117</measurement>
<loglik>9.84527</loglik>
<mean>
 0.998562 0.00127685 0.000172339 0.126311 </mean>
<covariance>   1.0312e-07  -2.0462e-09  -5.3591e-11  -1.2811e-06
  -2.0462e-09   2.2191e-09   1.7128e-10   7.3325e-07
  -5.3591e-11   1.7128e-10   1.0002e-07   6.3132e-09
  -1.2811e-06   7.3325e-07   6.3132e-09   5.3133e-04
</covariance>
</state>
<state>
<time>2.1</time>
<index>24</index>
<mean>
 0.998546 0.00128383 0.000181459 0.126311 </mean>
<covariance>   1.0351e-07  -2.3509e-09  -7.2038e-11  -1.3581e-06
  -2.3509e-09   2.4400e-09   1.8963e-10   8.0498e-07
  -7.2038e-11   1.8963e-10   1.0002e-07   1.1551e-08
  -1.3581e-06   8.0498e-07   1.1551e-08   5.3195e-04
</covariance>
</state>
<state>
<time>2.2</time>
<index>25</index>
<mean>
 0.99853 0.00129085 0.000190629 0.126311 </mean>
<covariance>   1.0392e-07  -2.6809e-09  -9.3658e-11  -1.4364e-06
  -2.6809e-09   2.6830e-09   2.1041e-10   8.7756e-07
  -9.3658e-11   2.1041e-10   1.0003e-07   1.7301e-08
  -1.4364e-06   8.7756e-07   1.7301e-08   5.3257e-04
</covariance>
</state>
<state>
<time>2.3</time>
<index>26</index>
<mean>
 0.998514 0.00129791 0.00019985 0.126311 </mean>
<covariance>   1.0437e-07  -3.0370e-09  -1.1874e-10  -1.5161e-06
  -3.0370e-09   2.9486e-09   2.3386e-10   9.5098e-07
  -1.1874e-10   2.3386e-10   1.0003e-07   2.3569e-08
  -1.5161e-06   9.5098e-07   2.3569e-08   5.3319e-04
</covariance>
</state>
<state>
<time>2.4</time>
<index>27</index>
<mean>
 0.998497 0.00130501 0.000209121 0.126311 </mean>
<covariance>   1.0485e-07  -3.4202e-09  -1.4758e-10  -1.5972e-06
  -3.4202e-09   3.2376e-09   2.6025e-10   1.0253e-06
  -1.4758e-10   2.6025e-10   1.0003e-07   3.0362e-08
  -1.5972e-06   1.0253e-06   3.0362e-08   5.3381e-04
</covariance>
</state>
<state>
<time>2.5</time>
<index>28</index>
<mean>
 0.998481 0.00131215 0.000218442 0.126311 </mean>
<covariance>   1.0536e-07  -3.8313e-09  -1.8049e-10  -1.6796e-06
  -3.8313e-09   3.5507e-09   2.8984e-10   1.1004e-06
  -1.8049e-10   2.8984e-10   1.0004e-07   3.7685e-08
  -1.6796e-06   1.1004e-06   3.7685e-08   5.3443e-04
</covariance>
</state>
<state>
<time>2.6</time>
<index>29</index>
<mean>
 0.998464 0.00131933 0.000227815 0.126311 </mean>
<covariance>   1.0591e-07  -4.2715e-09  -2.1780e-10  -1.7635e-06
  -4.2715e-09   3.8886e-09   3.2289e-10   1.1764e-06
  -2.1780e-10   3.2289e-10   1.0004e-07   4.5545e-08
  -1.7635e-06   1.1764e-06   4.5545e-08   5.3505e-04
</covariance>
</state>
<state>
<time>2.7</time>
<index>30</index>
<mean>
 0.998447 0.00132654 0.000237238 0.126311 </mean>
<covariance>   1.0649e-07  -4.7417e-09  -2.5983e-10  -1.8488e-06
  -4.7417e-09   4.2521e-09   3.5968e-10   1.2533e-06
  -2.5983e-10   3.5968e-10   1.0005e-07   5.3948e-08
  -1.8488e-06   1.2533e-06   5.3948e-08   5.3568e-04
</covariance>
</state>
<state>
<time>2.8</time>
<index>31</index>
<mean>
 0.998431 0.0013338 0.000246714 0.126311 </mean>
<covariance>   1.0711e-07  -5.2429e-09  -3.0695e-10  -1.9355e-06
  -5.2429e-09   4.6417e-09   4.0051e-10   1.3311e-06
  -3.0695e-10   4.0051e-10   1.0005e-07   6.2900e-08
  -1.9355e-06   1.3311e-06   6.2900e-08   5.3630e-04
</covariance>
</state>
<state>
<time>2.9</time>
<index>32</index>
<mean>
 0.998414 0.00134109 0.000256241 0.126311 </mean>
<covariance>   1.0777e-07  -5.7763e-09  -3.5950e-10  -2.0237e-06
  -5.7763e-09   5.0584e-09   4.4568e-10   1.4097e-06
  -3.5950e-10   4.4568e-10   1.0006e-07   7.2408e-08
  -2.0237e-06   1.4097e-06   7.2408e-08   5.3692e-04
</covariance>
</state>
<state>
<time>3</time>
<index>33</index>
<mean>
 0.998397 0.00134842 0.00026582 0.126311 </mean>
<covariance>   1.0847e-07  -6.3428e-09  -4.1787e-10  -2.1133e-06
  -6.3428e-09   5.5029e-09   4.9548e-10   1.4893e-06
  -4.1787e-10   4.9548e-10   1.0007e-07   8.2477e-08
  -2.1133e-06   1.4893e-06   8.2477e-08   5.3754e-04
</covariance>
</state>
<state>
<time>3</time>
<index>34</index>
<measurement> 0.000307023</measurement>
<loglik>9.74582</loglik>
<mean>
 0.998378 0.00136489 0.000267302 0.130767 </mean>
<covariance>   1.0446e-07  -2.8693e-09  -1.0512e-10  -1.1732e-06
  -2.8693e-09   2.4893e-09   2.2414e-10   6.7371e-07
  -1.0512e-10   2.2414e-10   1.0004e-07   9.0416e-09
  -1.1732e-06   6.7371e-07   9.0416e-09   3.1680e-04
</covariance>
</state>
<state>
<time>3.1</time>
<index>35</index>
<mean>
 0.99836 0.00137296 0.000277052 0.130767 </mean>
<covariance>   1.0486e-07  -3.1763e-09  -1.3066e-10  -1.2252e-06
  -3.1763e-09   2.7093e-09   2.4524e-10   7.2084e-07
  -1.3066e-10   2.4524e-10   1.0004e-07   1.3854e-08
  -1.2252e-06   7.2084e-07   1.3854e-08   3.1743e-04
</covariance>
</state>
<state>
<time>3.2</time>
<index>36</index>
<mean>
 0.998342 0.00138108 0.000286858 0.130767 </mean>
<covariance>   1.0529e-07  -3.5033e-09  -1.5940e-10  -1.2781e-06
  -3.5033e-09   2.9461e-09   2.6875e-10   7.6859e-07
  -1.5940e-10   2.6875e-10   1.0005e-07   1.9003e-08
  -1.2781e-06   7.6859e-07   1.9003e-08   3.1805e-04
</covariance>
</state>
<state>
<time>3.3</time>
<index>37</index>
<mean>
 0.998324 0.00138924 0.000296723 0.130767 </mean>
<covariance>   1.0574e-07  -3.8510e-09  -1.9158e-10  -1.3319e-06
  -3.8510e-09   3.2001e-09   2.9488e-10   8.1697e-07
  -1.9158e-10   2.9488e-10   1.0005e-07   2.4493e-08
  -1.3319e-06   8.1697e-07   2.4493e-08   3.1867e-04
</covariance>
</state>
<state>
<time>3.4</time>
<index>38</index>
<mean>
 0.998306 0.00139745 0.000306646 0.130767 </mean>
<covariance>   1.0621e-07  -4.2201e-09  -2.2744e-10  -1.3868e-06
  -4.2201e-09   3.4720e-09   3.2382e-10   8.6597e-07
  -2.2744e-10   3.2382e-10   1.0006e-07   3.0328e-08
  -1.3868e-06   8.6597e-07   3.0328e-08   3.1929e-04
</covariance>
</state>
<state>
<time>3.5</time>
<index>39</index>
<mean>
 0.998288 0.00140571 0.000316628 0.130767 </mean>
<covariance>   1.0672e-07  -4.6114e-09  -2.6722e-10  -1.4426e-06
  -4.6114e-09   3.7623e-09   3.5577e-10   9.1560e-07
  -2.6722e-10   3.5577e-10   1.0006e-07   3.6514e-08
  -1.4426e-06   9.1560e-07   3.6514e-08   3.1991e-04
</covariance>
</state>
<state>
<time>3.6</time>
<index>40</index>
<mean>
 0.99827 0.00141402 0.000326669 0.130767 </mean>
<covariance>   1.0725e-07  -5.0257e-09  -3.1119e-10  -1.4994e-06
  -5.0257e-09   4.0715e-09   3.9095e-10   9.6588e-07
  -3.1119e-10   3.9095e-10   1.0007e-07   4.3054e-08
  -1.4994e-06   9.6588e-07   4.3054e-08   3.2053e-04
</covariance>
</state>
<state>
<time>3.7</time>
<index>41</index>
<mean>
 0.998251 0.00142238 0.000336769 0.130767 </mean>
<covariance>   1.0781e-07  -5.4637e-09  -3.5962e-10  -1.5572e-06
  -5.4637e-09   4.4003e-09   4.2956e-10   1.0168e-06
  -3.5962e-10   4.2956e-10   1.0007e-07   4.9953e-08
  -1.5572e-06   1.0168e-06   4.9953e-08   3.2115e-04
</covariance>
</state>
<state>
<time>3.8</time>
<index>42</index>
<mean>
 0.998233 0.00143079 0.000346929 0.130767 </mean>
<covariance>   1.0840e-07  -5.9264e-09  -4.1278e-10  -1.6161e-06
  -5.9264e-09   4.7492e-09   4.7183e-10   1.0684e-06
  -4.1278e-10   4.7183e-10   1.0008e-07   5.7216e-08
  -1.6161e-06   1.0684e-06   5.7216e-08   3.2177e-04
</covariance>
</state>
<state>
<time>3.9</time>
<index>43</index>
<mean>
 0.998214 0.00143925 0.000357149 0.130767 </mean>
<covariance>   1.0902e-07  -6.4145e-09  -4.7097e-10  -1.6760e-06
  -6.4145e-09   5.1188e-09   5.1799e-10   1.1206e-06
  -4.7097e-10   5.1799e-10   1.0009e-07   6.4847e-08
  -1.6760e-06   1.1206e-06   6.4847e-08   3.2239e-04
</covariance>
</state>
<state>
<time>4</time>
<index>44</index>
<mean>
 0.998195 0.00144775 0.000367429 0.130767 </mean>
<covariance>   1.0968e-07  -6.9289e-09  -5.3448e-10  -1.7369e-06
  -6.9289e-09   5.5098e-09   5.6829e-10   1.1735e-06
  -5.3448e-10   5.6829e-10   1.0009e-07   7.2852e-08
  -1.7369e-06   1.1735e-06   7.2852e-08   3.2301e-04
</covariance>
</state>
<state>
<time>4</time>
<index>45</index>
<measurement> 0.000299384</measurement>
<loglik>9.25819</loglik>
<mean>
 0.998262 0.00139467 0.000361954 0.119461 </mean>
<covariance>   1.0521e-07  -3.3775e-09  -1.6818e-10  -9.8045e-07
  -3.3775e-09   2.6858e-09   2.7701e-10   5.7204e-07
  -1.6818e-10   2.7701e-10   1.0006e-07   1.0812e-08
  -9.8045e-07   5.7204e-07   1.0812e-08   1.9489e-04
</covariance>
</state>
<state>
<time>4.1</time>
<index>46</index>
<mean>
 0.998245 0.00140134 0.000371916 0.119461 </mean>
<covariance>   1.0557e-07  -3.6453e-09  -1.9791e-10  -1.0144e-06
  -3.6453e-09   2.8752e-09   2.9968e-10   6.0190e-07
  -1.9791e-10   2.9968e-10   1.0007e-07   1.4898e-08
  -1.0144e-06   6.0190e-07   1.4898e-08   1.9551e-04
</covariance>
</state>
<state>
<time>4.2</time>
<index>47</index>
<mean>
 0.998228 0.00140804 0.000381926 0.119461 </mean>
<covariance>   1.0594e-07  -3.9267e-09  -2.3045e-10  -1.0489e-06
  -3.9267e-09   3.0757e-09   3.2443e-10   6.3211e-07
  -2.3045e-10   3.2443e-10   1.0007e-07   1.9197e-08
  -1.0489e-06   6.3211e-07   1.9197e-08   1.9613e-04
</covariance>
</state>
<state>
<time>4.3</time>
<index>48</index>
<mean>
 0.998212 0.00141478 0.000391983 0.119461 </mean>
<covariance>   1.0634e-07  -4.2221e-09  -2.6595e-10  -1.0840e-06
  -4.2221e-09   3.2874e-09   3.5139e-10   6.6268e-07
  -2.6595e-10   3.5139e-10   1.0008e-07   2.3712e-08
  -1.0840e-06   6.6268e-07   2.3712e-08   1.9675e-04
</covariance>
</state>
<state>
<time>4.4</time>
<index>49</index>
<mean>
 0.998195 0.00142154 0.000402089 0.119461 </mean>
<covariance>   1.0675e-07  -4.5319e-09  -3.0459e-10  -1.1197e-06
  -4.5319e-09   3.5108e-09   3.8068e-10   6.9362e-07
  -3.0459e-10   3.8068e-10   1.0008e-07   2.8446e-08
  -1.1197e-06   6.9362e-07   2.8446e-08   1.9737e-04
</covariance>
</state>
<state>
<time>4.5</time>
<index>50</index>
<mean>
 0.998178 0.00142834 0.000412243 0.119461 </mean>
<covariance>   1.0717e-07  -4.8567e-09  -3.4654e-10  -1.1559e-06
  -4.8567e-09   3.7461e-09   4.1243e-10   7.2492e-07
  -3.4654e-10   4.1243e-10   1.0009e-07   3.3400e-08
  -1.1559e-06   7.2492e-07   3.3400e-08   1.9799e-04
</covariance>
</state>
<state>
<time>4.6</time>
<index>51</index>
<mean>
 0.998161 0.00143517 0.000422445 0.119461 </mean>
<covariance>   1.0762e-07  -5.1968e-09  -3.9196e-10  -1.1928e-06
  -5.1968e-09   3.9935e-09   4.4678e-10   7.5660e-07
  -3.9196e-10   4.4678e-10   1.0009e-07   3.8578e-08
  -1.1928e-06   7.5660e-07   3.8578e-08   1.9861e-04
</covariance>
</state>
<state>
<time>4.7</time>
<index>52</index>
<mean>
 0.998144 0.00144203 0.000432696 0.119461 </mean>
<covariance>   1.0809e-07  -5.5527e-09  -4.4104e-10  -1.2302e-06
  -5.5527e-09   4.2535e-09   4.8387e-10   7.8864e-07
  -4.4104e-10   4.8387e-10   1.0010e-07   4.3983e-08
  -1.2302e-06   7.8864e-07   4.3983e-08   1.9923e-04
</covariance>
</state>
<state>
<time>4.8</time>
<index>53</index>
<mean>
 0.998127 0.00144893 0.000442997 0.119461 </mean>
<covariance>   1.0858e-07  -5.9248e-09  -4.9397e-10  -1.2683e-06
  -5.9248e-09   4.5263e-09   5.2384e-10   8.2107e-07
  -4.9397e-10   5.2384e-10   1.0011e-07   4.9616e-08
  -1.2683e-06   8.2107e-07   4.9616e-08   1.9985e-04
</covariance>
</state>
<state>
<time>4.9</time>
<index>54</index>
<mean>
 0.998109 0.00145585 0.000453346 0.119461 </mean>
<covariance>   1.0909e-07  -6.3137e-09  -5.5093e-10  -1.3070e-06
  -6.3137e-09   4.8123e-09   5.6685e-10   8.5388e-07
  -5.5093e-10   5.6685e-10   1.0011e-07   5.5480e-08
  -1.3070e-06   8.5388e-07   5.5480e-08   2.0047e-04
</covariance>
</state>
<state>
<time>5</time>
<index>55</index>
<mean>
 0.998092 0.00146281 0.000463745 0.119461 </mean>
<covariance>   1.0963e-07  -6.7198e-09  -6.1214e-10  -1.3462e-06
  -6.7198e-09   5.1117e-09   6.1303e-10   8.8707e-07
  -6.1214e-10   6.1303e-10   1.0012e-07   6.1580e-08
  -1.3462e-06   8.8707e-07   6.1580e-08   2.0109e-04
</covariance>
</state>
<state>
<time>5</time>
<index>56</index>
<measurement> 0.000320831</measurement>
<loglik>9.74684</loglik>
<mean>
 0.998106 0.0014519 0.000462437 0.117567 </mean>
<covariance>   1.0531e-07  -3.4363e-09  -2.1835e-10  -7.7643e-07
  -3.4363e-09   2.6140e-09   3.1348e-10   4.5362e-07
  -2.1835e-10   3.1348e-10   1.0009e-07   9.5975e-09
  -7.7643e-07   4.5362e-07   9.5975e-09   1.2587e-04
</covariance>
</state>
<state>
<time>5.1</time>
<index>57</index>
<mean>
 0.998089 0.00145857 0.000472807 0.117567 </mean>
<covariance>   1.0562e-07  -3.6630e-09  -2.4865e-10  -7.9998e-07
  -3.6630e-09   2.7726e-09   3.3554e-10   4.7393e-07
  -2.4865e-10   3.3554e-10   1.0009e-07   1.2838e-08
  -7.9998e-07   4.7393e-07   1.2838e-08   1.2649e-04
</covariance>
</state>
<state>
<time>5.2</time>
<index>58</index>
<mean>
 0.998072 0.00146527 0.000483226 0.117567 </mean>
<covariance>   1.0594e-07  -3.8999e-09  -2.8134e-10  -8.2395e-07
  -3.8999e-09   2.9393e-09   3.5933e-10   4.9450e-07
  -2.8134e-10   3.5933e-10   1.0010e-07   1.6223e-08
  -8.2395e-07   4.9450e-07   1.6223e-08   1.2711e-04
</covariance>
</state>
<state>
<time>5.3</time>
<index>59</index>
<mean>
 0.998055 0.00147199 0.000493692 0.117567 </mean>
<covariance>   1.0627e-07  -4.1473e-09  -3.1655e-10  -8.4832e-07
  -4.1473e-09   3.1143e-09   3.8495e-10   5.1535e-07
  -3.1655e-10   3.8495e-10   1.0010e-07   1.9755e-08
  -8.4832e-07   5.1535e-07   1.9755e-08   1.2773e-04
</covariance>
</state>
<state>
<time>5.4</time>
<index>60</index>
<mean>
 0.998038 0.00147875 0.000504206 0.117567 </mean>
<covariance>   1.0662e-07  -4.4054e-09  -3.5438e-10  -8.7312e-07
  -4.4054e-09   3.2976e-09   4.1251e-10   5.3647e-07
  -3.5438e-10   4.1251e-10   1.0011e-07   2.3436e-08
  -8.7312e-07   5.3647e-07   2.3436e-08   1.2835e-04
</covariance>
</state>
<state>
<time>5.5</time>
<index>61</index>
<mean>
 0.99802 0.00148554 0.000514769 0.117567 </mean>
<covariance>   1.0698e-07  -4.6747e-09  -3.9499e-10  -8.9835e-07
  -4.6747e-09   3.4897e-09   4.4208e-10   5.5786e-07
  -3.9499e-10   4.4208e-10   1.0011e-07   2.7268e-08
  -8.9835e-07   5.5786e-07   2.7268e-08   1.2898e-04
</covariance>
</state>
<state>
<time>5.6</time>
<index>62</index>
<mean>
 0.998003 0.00149236 0.00052538 0.117567 </mean>
<covariance>   1.0736e-07  -4.9554e-09  -4.3848e-10  -9.2400e-07
  -4.9554e-09   3.6907e-09   4.7378e-10   5.7953e-07
  -4.3848e-10   4.7378e-10   1.0012e-07   3.1253e-08
  -9.2400e-07   5.7953e-07   3.1253e-08   1.2960e-04
</covariance>
</state>
<state>
<time>5.7</time>
<index>63</index>
<mean>
 0.997985 0.00149921 0.000536039 0.117567 </mean>
<covariance>   1.0775e-07  -5.2479e-09  -4.8501e-10  -9.5008e-07
  -5.2479e-09   3.9007e-09   5.0770e-10   6.0147e-07
  -4.8501e-10   5.0770e-10   1.0013e-07   3.5392e-08
  -9.5008e-07   6.0147e-07   3.5392e-08   1.3022e-04
</covariance>
</state>
<state>
<time>5.8</time>
<index>64</index>
<mean>
 0.997968 0.00150609 0.000546748 0.117567 </mean>
<covariance>   1.0816e-07  -5.5525e-09  -5.3471e-10  -9.7661e-07
  -5.5525e-09   4.1202e-09   5.4395e-10   6.2370e-07
  -5.3471e-10   5.4395e-10   1.0013e-07   3.9688e-08
  -9.7661e-07   6.2370e-07   3.9688e-08   1.3084e-04
</covariance>
</state>
<state>
<time>5.9</time>
<index>65</index>
<mean>
 0.99795 0.001513 0.000557506 0.117567 </mean>
<covariance>   1.0859e-07  -5.8696e-09  -5.8772e-10  -1.0036e-06
  -5.8696e-09   4.3492e-09   5.8263e-10   6.4621e-07
  -5.8772e-10   5.8263e-10   1.0014e-07   4.4143e-08
  -1.0036e-06   6.4621e-07   4.4143e-08   1.3146e-04
</covariance>
</state>
<state>
<time>6</time>
<index>66</index>
<mean>
 0.997932 0.00151995 0.000568313 0.117567 </mean>
<covariance>   1.0903e-07  -6.1994e-09  -6.4420e-10  -1.0310e-06
  -6.1994e-09   4.5880e-09   6.2387e-10   6.6900e-07
  -6.4420e-10   6.2387e-10   1.0015e-07   4.8759e-08
  -1.0310e-06   6.6900e-07   4.8759e-08   1.3208e-04
</covariance>
</state>
<state>
<time>6</time>
<index>67</index>
<measurement> 0.000359542</measurement>
<loglik>9.34599</loglik>
<mean>
 0.997876 0.00156171 0.000573992 0.123657 </mean>
<covariance>   1.0532e-07  -3.4549e-09  -2.7101e-10  -6.3079e-07
  -3.4549e-09   2.5569e-09   3.4768e-10   3.7283e-07
  -2.7101e-10   3.4768e-10   1.0011e-07   8.4865e-09
  -6.3079e-07   3.7283e-07   8.4865e-09   8.8889e-05
</covariance>
</state>
<state>
<time>6.1</time>
<index>68</index>
<mean>
 0.997857 0.00156983 0.000585147 0.123657 </mean>
<covariance>   1.0561e-07  -3.6621e-09  -3.0193e-10  -6.4923e-07
  -3.6621e-09   2.7024e-09   3.6958e-10   3.8861e-07
  -3.0193e-10   3.6958e-10   1.0012e-07   1.1150e-08
  -6.4923e-07   3.8861e-07   1.1150e-08   8.9509e-05
</covariance>
</state>
<state>
<time>6.2</time>
<index>69</index>
<mean>
 0.997837 0.00157798 0.00059636 0.123657 </mean>
<covariance>   1.0590e-07  -3.8783e-09  -3.3506e-10  -6.6804e-07
  -3.8783e-09   2.8549e-09   3.9307e-10   4.0464e-07
  -3.3506e-10   3.9307e-10   1.0012e-07   1.3925e-08
  -6.6804e-07   4.0464e-07   1.3925e-08   9.0129e-05
</covariance>
</state>
<state>
<time>6.3</time>
<index>70</index>
<mean>
 0.997818 0.00158618 0.000607631 0.123657 </mean>
<covariance>   1.0621e-07  -4.1040e-09  -3.7051e-10  -6.8721e-07
  -4.1040e-09   3.0149e-09   4.1826e-10   4.2092e-07
  -3.7051e-10   4.1826e-10   1.0013e-07   1.6816e-08
  -6.8721e-07   4.2092e-07   1.6816e-08   9.0750e-05
</covariance>
</state>
<state>
<time>6.4</time>
<index>71</index>
<mean>
 0.997798 0.00159443 0.000618961 0.123657 </mean>
<covariance>   1.0652e-07  -4.3394e-09  -4.0838e-10  -7.0675e-07
  -4.3394e-09   3.1823e-09   4.4520e-10   4.3746e-07
  -4.0838e-10   4.4520e-10   1.0014e-07   1.9822e-08
  -7.0675e-07   4.3746e-07   1.9822e-08   9.1370e-05
</covariance>
</state>
<state>
<time>6.5</time>
<index>72</index>
<mean>
 0.997779 0.00160271 0.00063035 0.123657 </mean>
<covariance>   1.0686e-07  -4.5847e-09  -4.4879e-10  -7.2667e-07
  -4.5847e-09   3.3575e-09   4.7401e-10   4.5425e-07
  -4.4879e-10   4.7401e-10   1.0014e-07   2.2947e-08
  -7.2667e-07   4.5425e-07   2.2947e-08   9.1990e-05
</covariance>
</state>
<state>
<time>6.6</time>
<index>73</index>
<mean>
 0.997759 0.00161104 0.000641798 0.123657 </mean>
<covariance>   1.0720e-07  -4.8405e-09  -4.9186e-10  -7.4697e-07
  -4.8405e-09   3.5407e-09   5.0476e-10   4.7131e-07
  -4.9186e-10   5.0476e-10   1.0015e-07   2.6192e-08
  -7.4697e-07   4.7131e-07   2.6192e-08   9.2610e-05
</covariance>
</state>
<state>
<time>6.7</time>
<index>74</index>
<mean>
 0.997739 0.00161941 0.000653305 0.123657 </mean>
<covariance>   1.0756e-07  -5.1068e-09  -5.3771e-10  -7.6766e-07
  -5.1068e-09   3.7321e-09   5.3754e-10   4.8863e-07
  -5.3771e-10   5.3754e-10   1.0016e-07   2.9558e-08
  -7.6766e-07   4.8863e-07   2.9558e-08   9.3230e-05
</covariance>
</state>
<state>
<time>6.8</time>
<index>75</index>
<mean>
 0.997719 0.00162782 0.000664872 0.123657 </mean>
<covariance>   1.0794e-07  -5.3842e-09  -5.8648e-10  -7.8873e-07
  -5.3842e-09   3.9319e-09   5.7246e-10   5.0622e-07
  -5.8648e-10   5.7246e-10   1.0016e-07   3.3048e-08
  -7.8873e-07   5.0622e-07   3.3048e-08   9.3850e-05
</covariance>
</state>
<state>
<time>6.9</time>
<index>76</index>
<mean>
 0.997699 0.00163627 0.0006765 0.123657 </mean>
<covariance>   1.0833e-07  -5.6729e-09  -6.3829e-10  -8.1021e-07
  -5.6729e-09   4.1404e-09   6.0961e-10   5.2407e-07
  -6.3829e-10   6.0961e-10   1.0017e-07   3.6664e-08
  -8.1021e-07   5.2407e-07   3.6664e-08   9.4470e-05
</covariance>
</state>
<state>
<time>7</time>
<index>77</index>
<mean>
 0.997679 0.00164477 0.000688187 0.123657 </mean>
<covariance>   1.0873e-07  -5.9732e-09  -6.9328e-10  -8.3208e-07
  -5.9732e-09   4.3578e-09   6.4908e-10   5.4220e-07
  -6.9328e-10   6.4908e-10   1.0018e-07   4.0408e-08
  -8.3208e-07   5.4220e-07   4.0408e-08   9.5090e-05
</covariance>
</state>
<state>
<time>7</time>
<index>78</index>
<measurement> 0.000376478</measurement>
<loglik>9.64679</loglik>
<mean>
 0.997654 0.00166263 0.000690846 0.125878 </mean>
<covariance>   1.0552e-07  -3.6326e-09  -3.4465e-10  -5.4086e-07
  -3.6326e-09   2.6502e-09   3.9474e-10   3.2974e-07
  -3.4465e-10   3.9474e-10   1.0014e-07   8.7618e-09
  -5.4086e-07   3.2974e-07   8.7618e-09   6.8656e-05
</covariance>
</state>
<state>
<time>7.1</time>
<index>79</index>
<mean>
 0.997633 0.00167163 0.000702722 0.125878 </mean>
<covariance>   1.0579e-07  -3.8307e-09  -3.7763e-10  -5.5638e-07
  -3.8307e-09   2.7907e-09   4.1774e-10   3.4290e-07
  -3.7763e-10   4.1774e-10   1.0015e-07   1.1117e-08
  -5.5638e-07   3.4290e-07   1.1117e-08   6.9276e-05
</covariance>
</state>
<state>
<time>7.2</time>
<index>80</index>
<mean>
 0.997612 0.00168068 0.000714662 0.125878 </mean>
<covariance>   1.0608e-07  -4.0373e-09  -4.1274e-10  -5.7222e-07
  -4.0373e-09   2.9377e-09   4.4230e-10   3.5630e-07
  -4.1274e-10   4.4230e-10   1.0016e-07   1.3566e-08
  -5.7222e-07   3.5630e-07   1.3566e-08   6.9896e-05
</covariance>
</state>
<state>
<time>7.3</time>
<index>81</index>
<mean>
 0.997591 0.00168978 0.000726667 0.125878 </mean>
<covariance>   1.0637e-07  -4.2526e-09  -4.5009e-10  -5.8840e-07
  -4.2526e-09   3.0915e-09   4.6849e-10   3.6993e-07
  -4.5009e-10   4.6849e-10   1.0016e-07   1.6111e-08
  -5.8840e-07   3.6993e-07   1.6111e-08   7.0516e-05
</covariance>
</state>
<state>
<time>7.4</time>
<index>82</index>
<mean>
 0.99757 0.00169893 0.000738737 0.125878 </mean>
<covariance>   1.0667e-07  -4.4770e-09  -4.8978e-10  -6.0492e-07
  -4.4770e-09   3.2523e-09   4.9638e-10   3.8381e-07
  -4.8978e-10   4.9638e-10   1.0017e-07   1.8754e-08
  -6.0492e-07   3.8381e-07   1.8754e-08   7.1136e-05
</covariance>
</state>
<state>
<time>7.5</time>
<index>83</index>
<mean>
 0.997549 0.00170813 0.000750872 0.125878 </mean>
<covariance>   1.0699e-07  -4.7107e-09  -5.3191e-10  -6.2179e-07
  -4.7107e-09   3.4203e-09   5.2605e-10   3.9793e-07
  -5.3191e-10   5.2605e-10   1.0018e-07   2.1495e-08
  -6.2179e-07   3.9793e-07   2.1495e-08   7.1756e-05
</covariance>
</state>
<state>
<time>7.6</time>
<index>84</index>
<mean>
 0.997527 0.00171738 0.000763073 0.125878 </mean>
<covariance>   1.0732e-07  -4.9540e-09  -5.7661e-10  -6.3900e-07
  -4.9540e-09   3.5956e-09   5.5760e-10   4.1230e-07
  -5.7661e-10   5.5760e-10   1.0018e-07   2.4338e-08
  -6.3900e-07   4.1230e-07   2.4338e-08   7.2376e-05
</covariance>
</state>
<state>
<time>7.7</time>
<index>85</index>
<mean>
 0.997506 0.00172668 0.00077534 0.125878 </mean>
<covariance>   1.0766e-07  -5.2073e-09  -6.2398e-10  -6.5656e-07
  -5.2073e-09   3.7786e-09   5.9110e-10   4.2692e-07
  -6.2398e-10   5.9110e-10   1.0019e-07   2.7283e-08
  -6.5656e-07   4.2692e-07   2.7283e-08   7.2996e-05
</covariance>
</state>
<state>
<time>7.8</time>
<index>86</index>
<mean>
 0.997484 0.00173602 0.000787674 0.125878 </mean>
<covariance>   1.0802e-07  -5.4709e-09  -6.7415e-10  -6.7448e-07
  -5.4709e-09   3.9694e-09   6.2665e-10   4.4179e-07
  -6.7415e-10   6.2665e-10   1.0020e-07   3.0332e-08
  -6.7448e-07   4.4179e-07   3.0332e-08   7.3617e-05
</covariance>
</state>
<state>
<time>7.9</time>
<index>87</index>
<mean>
 0.997462 0.00174542 0.000800074 0.125878 </mean>
<covariance>   1.0839e-07  -5.7450e-09  -7.2723e-10  -6.9276e-07
  -5.7450e-09   4.1683e-09   6.6433e-10   4.5691e-07
  -7.2723e-10   6.6433e-10   1.0021e-07   3.3488e-08
  -6.9276e-07   4.5691e-07   3.3488e-08   7.4237e-05
</covariance>
</state>
<state>
<time>8</time>
<index>88</index>
<mean>
 0.99744 0.00175487 0.000812541 0.125878 </mean>
<covariance>   1.0878e-07  -6.0300e-09  -7.8336e-10  -7.1140e-07
  -6.0300e-09   4.3755e-09   7.0424e-10   4.7230e-07
  -7.8336e-10   7.0424e-10   1.0022e-07   3.6751e-08
  -7.1140e-07   4.7230e-07   3.6751e-08   7.4857e-05
</covariance>
</state>
<state>
<time>8</time>
<index>89</index>
<measurement> 0.000365294</measurement>
<loglik>9.15364</loglik>
<mean>
 0.997498 0.00171328 0.000805848 0.121389 </mean>
<covariance>   1.0576e-07  -3.8449e-09  -4.3166e-10  -4.7554e-07
  -3.8449e-09   2.7899e-09   4.4904e-10   3.0115e-07
  -4.3166e-10   4.4904e-10   1.0018e-07   9.2048e-09
  -4.7554e-07   3.0115e-07   9.2048e-09   5.6383e-05
</covariance>
</state>
<state>
<time>8.1</time>
<index>90</index>
<mean>
 0.997477 0.00172179 0.000818086 0.121389 </mean>
<covariance>   1.0602e-07  -4.0309e-09  -4.6674e-10  -4.8881e-07
  -4.0309e-09   2.9226e-09   4.7323e-10   3.1227e-07
  -4.6674e-10   4.7323e-10   1.0019e-07   1.1356e-08
  -4.8881e-07   3.1227e-07   1.1356e-08   5.7003e-05
</covariance>
</state>
<state>
<time>8.2</time>
<index>91</index>
<mean>
 0.997456 0.00173034 0.000830384 0.121389 </mean>
<covariance>   1.0628e-07  -4.2243e-09  -5.0383e-10  -5.0237e-07
  -4.2243e-09   3.0610e-09   4.9888e-10   3.2360e-07
  -5.0383e-10   4.9888e-10   1.0019e-07   1.3586e-08
  -5.0237e-07   3.2360e-07   1.3586e-08   5.7623e-05
</covariance>
</state>
<state>
<time>8.3</time>
<index>92</index>
<mean>
 0.997435 0.00173893 0.000842744 0.121389 </mean>
<covariance>   1.0656e-07  -4.4255e-09  -5.4304e-10  -5.1622e-07
  -4.4255e-09   3.2053e-09   5.2606e-10   3.3514e-07
  -5.4304e-10   5.2606e-10   1.0020e-07   1.5898e-08
  -5.1622e-07   3.3514e-07   1.5898e-08   5.8243e-05
</covariance>
</state>
<state>
<time>8.4</time>
<index>93</index>
<mean>
 0.997414 0.00174757 0.000855165 0.121389 </mean>
<covariance>   1.0684e-07  -4.6345e-09  -5.8446e-10  -5.3037e-07
  -4.6345e-09   3.3556e-09   5.5484e-10   3.4689e-07
  -5.8446e-10   5.5484e-10   1.0021e-07   1.8292e-08
  -5.3037e-07   3.4689e-07   1.8292e-08   5.8863e-05
</covariance>
</state>
<state>
<time>8.5</time>
<index>94</index>
<mean>
 0.997393 0.00175624 0.000867647 0.121389 </mean>
<covariance>   1.0714e-07  -4.8517e-09  -6.2818e-10  -5.4482e-07
  -4.8517e-09   3.5121e-09   5.8529e-10   3.5887e-07
  -6.2818e-10   5.8529e-10   1.0022e-07   2.0769e-08
  -5.4482e-07   3.5887e-07   2.0769e-08   5.9483e-05
</covariance>
</state>
<state>
<time>8.6</time>
<index>95</index>
<mean>
 0.997371 0.00176496 0.000880192 0.121389 </mean>
<covariance>   1.0745e-07  -5.0773e-09  -6.7430e-10  -5.5958e-07
  -5.0773e-09   3.6750e-09   6.1748e-10   3.7105e-07
  -6.7430e-10   6.1748e-10   1.0022e-07   2.3333e-08
  -5.5958e-07   3.7105e-07   2.3333e-08   6.0104e-05
</covariance>
</state>
<state>
<time>8.7</time>
<index>96</index>
<mean>
 0.99735 0.00177372 0.000892799 0.121389 </mean>
<covariance>   1.0777e-07  -5.3116e-09  -7.2292e-10  -5.7464e-07
  -5.3116e-09   3.8445e-09   6.5149e-10   3.8346e-07
  -7.2292e-10   6.5149e-10   1.0023e-07   2.5983e-08
  -5.7464e-07   3.8346e-07   2.5983e-08   6.0724e-05
</covariance>
</state>
<state>
<time>8.8</time>
<index>97</index>
<mean>
 0.997329 0.00178253 0.000905468 0.121389 </mean>
<covariance>   1.0810e-07  -5.5549e-09  -7.7414e-10  -5.9001e-07
  -5.5549e-09   4.0208e-09   6.8738e-10   3.9610e-07
  -7.7414e-10   6.8738e-10   1.0024e-07   2.8722e-08
  -5.9001e-07   3.9610e-07   2.8722e-08   6.1344e-05
</covariance>
</state>
<state>
<time>8.9</time>
<index>98</index>
<mean>
 0.997307 0.00179138 0.000918201 0.121389 </mean>
<covariance>   1.0844e-07  -5.8073e-09  -8.2808e-10  -6.0570e-07
  -5.8073e-09   4.2040e-09   7.2525e-10   4.0896e-07
  -8.2808e-10   7.2525e-10   1.0025e-07   3.1551e-08
  -6.0570e-07   4.0896e-07   3.1551e-08   6.1964e-05
</covariance>
</state>
<state>
<time>9</time>
<index>99</index>
<mean>
 0.997285 0.00180027 0.000930996 0.121389 </mean>
<covariance>   1.0880e-07  -6.0693e-09  -8.8485e-10  -6.2170e-07
  -6.0693e-09   4.3944e-09   7.6516e-10   4.2204e-07
  -8.8485e-10   7.6516e-10   1.0026e-07   3.4473e-08
  -6.2170e-07   4.2204e-07   3.4473e-08   6.2584e-05
</covariance>
</state>
<state>
<time>9</time>
<index>100</index>
<measurement> 0.000404617</measurement>
<loglik>9.67101</loglik>
<mean>
 0.997277 0.00180603 0.000932 0.121943 </mean>
<covariance>   1.0585e-07  -3.9351e-09  -5.1323e-10  -4.1673e-07
  -3.9351e-09   2.8492e-09   4.9610e-10   2.7363e-07
  -5.1323e-10   4.9610e-10   1.0022e-07   8.6314e-09
  -4.1673e-07   2.7363e-07   8.6314e-09   4.8331e-05
</covariance>
</state>
<state>
<time>9.1</time>
<index>101</index>
<mean>
 0.997255 0.0018151 0.000944901 0.121943 </mean>
<covariance>   1.0610e-07  -4.1140e-09  -5.4951e-10  -4.2875e-07
  -4.1140e-09   2.9783e-09   5.2094e-10   2.8370e-07
  -5.4951e-10   5.2094e-10   1.0022e-07   1.0586e-08
  -4.2875e-07   2.8370e-07   1.0586e-08   4.8951e-05
</covariance>
</state>
<state>
<time>9.2</time>
<index>102</index>
<mean>
 0.997233 0.0018242 0.000957866 0.121943 </mean>
<covariance>   1.0635e-07  -4.3000e-09  -5.8776e-10  -4.4106e-07
  -4.3000e-09   3.1129e-09   5.4720e-10   2.9398e-07
  -5.8776e-10   5.4720e-10   1.0023e-07   1.2612e-08
  -4.4106e-07   2.9398e-07   1.2612e-08   4.9571e-05
</covariance>
</state>
<state>
<time>9.3</time>
<index>103</index>
<mean>
 0.997211 0.00183336 0.000970896 0.121943 </mean>
<covariance>   1.0661e-07  -4.4935e-09  -6.2806e-10  -4.5364e-07
  -4.4935e-09   3.2531e-09   5.7496e-10   3.0446e-07
  -6.2806e-10   5.7496e-10   1.0024e-07   1.4712e-08
  -4.5364e-07   3.0446e-07   1.4712e-08   5.0191e-05
</covariance>
</state>
<state>
<time>9.4</time>
<index>104</index>
<mean>
 0.997189 0.00184256 0.000983991 0.121943 </mean>
<covariance>   1.0689e-07  -4.6945e-09  -6.7051e-10  -4.6651e-07
  -4.6945e-09   3.3992e-09   6.0427e-10   3.1515e-07
  -6.7051e-10   6.0427e-10   1.0025e-07   1.6887e-08
  -4.6651e-07   3.1515e-07   1.6887e-08   5.0811e-05
</covariance>
</state>
<state>
<time>9.5</time>
<index>105</index>
<mean>
 0.997166 0.0018518 0.000997152 0.121943 </mean>
<covariance>   1.0717e-07  -4.9034e-09  -7.1518e-10  -4.7967e-07
  -4.9034e-09   3.5513e-09   6.3520e-10   3.2606e-07
  -7.1518e-10   6.3520e-10   1.0026e-07   1.9138e-08
  -4.7967e-07   3.2606e-07   1.9138e-08   5.1431e-05
</covariance>
</state>
<state>
<time>9.6</time>
<index>106</index>
<mean>
 0.997144 0.00186109 0.00101038 0.121943 </mean>
<covariance>   1.0747e-07  -5.1205e-09  -7.6219e-10  -4.9312e-07
  -5.1205e-09   3.7096e-09   6.6783e-10   3.3718e-07
  -7.6219e-10   6.6783e-10   1.0027e-07   2.1467e-08
  -4.9312e-07   3.3718e-07   2.1467e-08   5.2052e-05
</covariance>
</state>
<state>
<time>9.7</time>
<index>107</index>
<mean>
 0.997121 0.00187043 0.00102367 0.121943 </mean>
<covariance>   1.0777e-07  -5.3459e-09  -8.1162e-10  -5.0686e-07
  -5.3459e-09   3.8742e-09   7.0222e-10   3.4852e-07
  -8.1162e-10   7.0222e-10   1.0027e-07   2.3875e-08
  -5.0686e-07   3.4852e-07   2.3875e-08   5.2672e-05
</covariance>
</state>
<state>
<time>9.8</time>
<index>108</index>
<mean>
 0.997099 0.00187981 0.00103703 0.121943 </mean>
<covariance>   1.0809e-07  -5.5799e-09  -8.6357e-10  -5.2091e-07
  -5.5799e-09   4.0454e-09   7.3845e-10   3.6008e-07
  -8.6357e-10   7.3845e-10   1.0029e-07   2.6365e-08
  -5.2091e-07   3.6008e-07   2.6365e-08   5.3292e-05
</covariance>
</state>
<state>
<time>9.9</time>
<index>109</index>
<mean>
 0.997076 0.00188924 0.00105046 0.121943 </mean>
<covariance>   1.0842e-07  -5.8229e-09  -9.1816e-10  -5.3527e-07
  -5.8229e-09   4.2234e-09   7.7660e-10   3.7187e-07
  -9.1816e-10   7.7660e-10   1.0030e-07   2.8937e-08
  -5.3527e-07   3.7187e-07   2.8937e-08   5.3912e-05
</covariance>
</state>
<state>
<time>10</time>
<index>110</index>
<mean>
 0.997053 0.00189872 0.00106395 0.121943 </mean>
<covariance>   1.0876e-07  -6.0751e-09  -9.7549e-10  -5.4993e-07
  -6.0751e-09   4.4083e-09   8.1674e-10   3.8388e-07
  -9.7549e-10   8.1674e-10   1.0031e-07   3.1593e-08
  -5.4993e-07   3.8388e-07   3.1593e-08   5.4532e-05
</covariance>
</state>
<state>
<time>10</time>
<index>111</index>
<measurement> 0.000475053</measurement>
<loglik>7.60268</loglik>
<mean>
 0.996947 0.00197564 0.00107821 0.128642 </mean>
<covariance>   1.0601e-07  -4.0796e-09  -6.0579e-10  -3.7617e-07
  -4.0796e-09   2.9604e-09   5.4848e-10   2.5779e-07
  -6.0579e-10   5.4848e-10   1.0026e-07   8.2324e-09
  -3.7617e-07   2.5779e-07   8.2324e-09   4.3552e-05
</covariance>
</state>
<state>
<time>10.1</time>
<index>112</index>
<mean>
 0.996921 0.00198687 0.00109232 0.128642 </mean>
<covariance>   1.0627e-07  -4.2657e-09  -6.4421e-10  -3.8805e-07
  -4.2657e-09   3.0977e-09   5.7483e-10   2.6782e-07
  -6.4421e-10   5.7483e-10   1.0027e-07   1.0074e-08
  -3.8805e-07   2.6782e-07   1.0074e-08   4.4172e-05
</covariance>
</state>
<state>
<time>10.2</time>
<index>113</index>
<mean>
