<?xml version="1.0"?>
<root>
<parameters> 0.304816 0.0510909 0.0979184 0.000867417</parameters>
<dataPoints>365</dataPoints>
<states>
<state>
<time>0</time>
<index>0</index>
<mean>
 0.999 0.001 0 </mean>
<covariance>   1.0000e-07            0            0
            0   1.0000e-07            0
            0            0   1.0000e-07
</covariance>
</state>
<state>
<time>0</time>
<index>1</index>
<measurement> 0.000283836</measurement>
<loglik>8.2927</loglik>
<mean>
 0.999 0.000932848 0 </mean>
<covariance>   1.0000e-07            0            0
            0   2.4390e-09            0
            0            0   1.0000e-07
</covariance>
</state>
<state>
<time>0.1</time>
<index>2</index>
<mean>
 0.999124 0.000869707 6.19583e-06 </mean>
<covariance>   1.0023e-07  -2.4970e-10  -1.7042e-13
  -2.4970e-10   2.6786e-09   1.7468e-11
  -1.7042e-13   1.7468e-11   1.0000e-07
</covariance>
</state>
<state>
<time>0.2</time>
<index>3</index>
<mean>
 0.999116 0.000872004 1.2408e-05 </mean>
<covariance>   1.0043e-07  -4.7287e-10  -2.3121e-12
  -4.7287e-10   2.8899e-09   3.6697e-11
  -2.3121e-12   3.6697e-11   1.0000e-07
</covariance>
</state>
<state>
<time>0.3</time>
<index>4</index>
<mean>
 0.999107 0.000874306 1.86366e-05 </mean>
<covariance>   1.0063e-07  -6.9974e-10  -6.2506e-12
  -6.9974e-10   3.1033e-09   5.7490e-11
  -6.2506e-12   5.7490e-11   1.0000e-07
</covariance>
</state>
<state>
<time>0.4</time>
<index>5</index>
<mean>
 0.999099 0.000876614 2.48817e-05 </mean>
<covariance>   1.0084e-07  -9.3034e-10  -1.2028e-11
  -9.3034e-10   3.3188e-09   7.9867e-11
  -1.2028e-11   7.9867e-11   1.0000e-07
</covariance>
</state>
<state>
<time>0.5</time>
<index>6</index>
<mean>
 0.99909 0.000878929 3.11432e-05 </mean>
<covariance>   1.0106e-07  -1.1647e-09  -1.9686e-11
  -1.1647e-09   3.5366e-09   1.0385e-10
  -1.9686e-11   1.0385e-10   1.0000e-07
</covariance>
</state>
<state>
<time>0.6</time>
<index>7</index>
<mean>
 0.999081 0.000881249 3.74213e-05 </mean>
<covariance>   1.0128e-07  -1.4029e-09  -2.9268e-11
  -1.4029e-09   3.7566e-09   1.2945e-10
  -2.9268e-11   1.2945e-10   1.0001e-07
</covariance>
</state>
<state>
<time>0.7</time>
<index>8</index>
<mean>
 0.999073 0.000883576 4.37159e-05 </mean>
<covariance>   1.0151e-07  -1.6449e-09  -4.0817e-11
  -1.6449e-09   3.9787e-09   1.5669e-10
  -4.0817e-11   1.5669e-10   1.0001e-07
</covariance>
</state>
<state>
<time>0.8</time>
<index>9</index>
<mean>
 0.999064 0.000885908 5.00272e-05 </mean>
<covariance>   1.0175e-07  -1.8908e-09  -5.4377e-11
  -1.8908e-09   4.2032e-09   1.8560e-10
  -5.4377e-11   1.8560e-10   1.0001e-07
</covariance>
</state>
<state>
<time>0.9</time>
<index>10</index>
<mean>
 0.999055 0.000888247 5.63551e-05 </mean>
<covariance>   1.0199e-07  -2.1406e-09  -6.9991e-11
  -2.1406e-09   4.4298e-09   2.1619e-10
  -6.9991e-11   2.1619e-10   1.0001e-07
</covariance>
</state>
<state>
<time>1</time>
<index>11</index>
<mean>
 0.999047 0.000890592 6.26997e-05 </mean>
<covariance>   1.0223e-07  -2.3943e-09  -8.7705e-11
  -2.3943e-09   4.6588e-09   2.4849e-10
  -8.7705e-11   2.4849e-10   1.0002e-07
</covariance>
</state>
<state>
<time>1</time>
<index>12</index>
<measurement> 0.000270666</measurement>
<loglik>9.68354</loglik>
<mean>
 0.999048 0.000888749 6.26014e-05 </mean>
<covariance>   1.0137e-07  -7.1483e-10   1.8748e-12
  -7.1483e-10   1.3909e-09   7.4187e-11
   1.8748e-12   7.4187e-11   1.0001e-07
</covariance>
</state>
<state>
<time>1.1</time>
<index>13</index>
<mean>
 0.999039 0.000891095 6.89496e-05 </mean>
<covariance>   1.0159e-07  -9.3526e-10  -4.0540e-12
  -9.3526e-10   1.6040e-09   8.4344e-11
  -4.0540e-12   8.4344e-11   1.0001e-07
</covariance>
</state>
<state>
<time>1.2</time>
<index>14</index>
<mean>
 0.99903 0.000893447 7.53146e-05 </mean>
<covariance>   1.0181e-07  -1.1594e-09  -1.1672e-11
  -1.1594e-09   1.8193e-09   9.6054e-11
  -1.1672e-11   9.6054e-11   1.0001e-07
</covariance>
</state>
<state>
<time>1.3</time>
<index>15</index>
<mean>
 0.999022 0.000895805 8.16963e-05 </mean>
<covariance>   1.0204e-07  -1.3874e-09  -2.1020e-11
  -1.3874e-09   2.0369e-09   1.0934e-10
  -2.1020e-11   1.0934e-10   1.0001e-07
</covariance>
</state>
<state>
<time>1.4</time>
<index>16</index>
<mean>
 0.999013 0.00089817 8.80949e-05 </mean>
<covariance>   1.0227e-07  -1.6192e-09  -3.2141e-11
  -1.6192e-09   2.2567e-09   1.2421e-10
  -3.2141e-11   1.2421e-10   1.0001e-07
</covariance>
</state>
<state>
<time>1.5</time>
<index>17</index>
<mean>
 0.999004 0.00090054 9.45104e-05 </mean>
<covariance>   1.0251e-07  -1.8548e-09  -4.5079e-11
  -1.8548e-09   2.4788e-09   1.4070e-10
  -4.5079e-11   1.4070e-10   1.0001e-07
</covariance>
</state>
<state>
<time>1.6</time>
<index>18</index>
<mean>
 0.998995 0.000902917 0.000100943 </mean>
<covariance>   1.0276e-07  -2.0944e-09  -5.9877e-11
  -2.0944e-09   2.7031e-09   1.5882e-10
  -5.9877e-11   1.5882e-10   1.0002e-07
</covariance>
</state>
<state>
<time>1.7</time>
<index>19</index>
<mean>
 0.998986 0.0009053 0.000107392 </mean>
<covariance>   1.0301e-07  -2.3379e-09  -7.6579e-11
  -2.3379e-09   2.9297e-09   1.7860e-10
  -7.6579e-11   1.7860e-10   1.0002e-07
</covariance>
</state>
<state>
<time>1.8</time>
<index>20</index>
<mean>
 0.998977 0.000907689 0.000113859 </mean>
<covariance>   1.0327e-07  -2.5853e-09  -9.5229e-11
  -2.5853e-09   3.1587e-09   2.0005e-10
  -9.5229e-11   2.0005e-10   1.0002e-07
</covariance>
</state>
<state>
<time>1.9</time>
<index>21</index>
<mean>
 0.998969 0.000910084 0.000120342 </mean>
<covariance>   1.0353e-07  -2.8368e-09  -1.1587e-10
  -2.8368e-09   3.3899e-09   2.2320e-10
  -1.1587e-10   2.2320e-10   1.0002e-07
</covariance>
</state>
<state>
<time>2</time>
<index>22</index>
<mean>
 0.99896 0.000912486 0.000126843 </mean>
<covariance>   1.0380e-07  -3.0924e-09  -1.3855e-10
  -3.0924e-09   3.6235e-09   2.4807e-10
  -1.3855e-10   2.4807e-10   1.0003e-07
</covariance>
</state>
<state>
<time>2</time>
<index>23</index>
<measurement> 0.000282343</measurement>
<loglik>9.7434</loglik>
<mean>
 0.998952 0.000921242 0.000127442 </mean>
<covariance>   1.0213e-07  -1.1283e-09  -4.0932e-12
  -1.1283e-09   1.3221e-09   9.0510e-11
  -4.0932e-12   9.0510e-11   1.0002e-07
</covariance>
</state>
<state>
<time>2.1</time>
<index>24</index>
<mean>
 0.998943 0.000923673 0.000134023 </mean>
<covariance>   1.0237e-07  -1.3644e-09  -1.3130e-11
  -1.3644e-09   1.5501e-09   1.0022e-10
  -1.3130e-11   1.0022e-10   1.0002e-07
</covariance>
</state>
<state>
<time>2.2</time>
<index>25</index>
<mean>
 0.998934 0.00092611 0.00014062 </mean>
<covariance>   1.0262e-07  -1.6045e-09  -2.3964e-11
  -1.6045e-09   1.7805e-09   1.1158e-10
  -2.3964e-11   1.1158e-10   1.0002e-07
</covariance>
</state>
<state>
<time>2.3</time>
<index>26</index>
<mean>
 0.998925 0.000928553 0.000147235 </mean>
<covariance>   1.0287e-07  -1.8486e-09  -3.6640e-11
  -1.8486e-09   2.0133e-09   1.2463e-10
  -3.6640e-11   1.2463e-10   1.0002e-07
</covariance>
</state>
<state>
<time>2.4</time>
<index>27</index>
<mean>
 0.998916 0.000931003 0.000153868 </mean>
<covariance>   1.0313e-07  -2.0969e-09  -5.1203e-11
  -2.0969e-09   2.2485e-09   1.3938e-10
  -5.1203e-11   1.3938e-10   1.0002e-07
</covariance>
</state>
<state>
<time>2.5</time>
<index>28</index>
<mean>
 0.998907 0.00093346 0.000160518 </mean>
<covariance>   1.0339e-07  -2.3492e-09  -6.7701e-11
  -2.3492e-09   2.4861e-09   1.5585e-10
  -6.7701e-11   1.5585e-10   1.0003e-07
</covariance>
</state>
<state>
<time>2.6</time>
<index>29</index>
<mean>
 0.998898 0.000935922 0.000167185 </mean>
<covariance>   1.0366e-07  -2.6058e-09  -8.6178e-11
  -2.6058e-09   2.7261e-09   1.7406e-10
  -8.6178e-11   1.7406e-10   1.0003e-07
</covariance>
</state>
<state>
<time>2.7</time>
<index>30</index>
<mean>
 0.998889 0.000938392 0.000173871 </mean>
<covariance>   1.0394e-07  -2.8666e-09  -1.0668e-10
  -2.8666e-09   2.9686e-09   1.9404e-10
  -1.0668e-10   1.9404e-10   1.0003e-07
</covariance>
</state>
<state>
<time>2.8</time>
<index>31</index>
<mean>
 0.998879 0.000940867 0.000180573 </mean>
<covariance>   1.0423e-07  -3.1316e-09  -1.2926e-10
  -3.1316e-09   3.2136e-09   2.1581e-10
  -1.2926e-10   2.1581e-10   1.0003e-07
</covariance>
</state>
<state>
<time>2.9</time>
<index>32</index>
<mean>
 0.99887 0.000943349 0.000187294 </mean>
<covariance>   1.0452e-07  -3.4010e-09  -1.5397e-10
  -3.4010e-09   3.4611e-09   2.3940e-10
  -1.5397e-10   2.3940e-10   1.0004e-07
</covariance>
</state>
<state>
<time>3</time>
<index>33</index>
<mean>
 0.998861 0.000945838 0.000194032 </mean>
<covariance>   1.0481e-07  -3.6746e-09  -1.8084e-10
  -3.6746e-09   3.7111e-09   2.6481e-10
  -1.8084e-10   2.6481e-10   1.0004e-07
</covariance>
</state>
<state>
<time>3</time>
<index>34</index>
<measurement> 0.000302729</measurement>
<loglik>9.55104</loglik>
<mean>
 0.998832 0.000975361 0.000196139 </mean>
<covariance>   1.0254e-07  -1.3818e-09  -1.7228e-11
  -1.3818e-09   1.3955e-09   9.9580e-11
  -1.7228e-11   9.9580e-11   1.0003e-07
</covariance>
</state>
<state>
<time>3.1</time>
<index>35</index>
<mean>
 0.998822 0.000977933 0.000203106 </mean>
<covariance>   1.0281e-07  -1.6459e-09  -2.8169e-11
  -1.6459e-09   1.6506e-09   1.0984e-10
  -2.8169e-11   1.0984e-10   1.0003e-07
</covariance>
</state>
<state>
<time>3.2</time>
<index>36</index>
<mean>
 0.998813 0.000980512 0.000210091 </mean>
<covariance>   1.0309e-07  -1.9145e-09  -4.1114e-11
  -1.9145e-09   1.9083e-09   1.2195e-10
  -4.1114e-11   1.2195e-10   1.0003e-07
</covariance>
</state>
<state>
<time>3.3</time>
<index>37</index>
<mean>
 0.998803 0.000983098 0.000217094 </mean>
<covariance>   1.0338e-07  -2.1876e-09  -5.6115e-11
  -2.1876e-09   2.1687e-09   1.3594e-10
  -5.6115e-11   1.3594e-10   1.0003e-07
</covariance>
</state>
<state>
<time>3.4</time>
<index>38</index>
<mean>
 0.998793 0.000985691 0.000224117 </mean>
<covariance>   1.0367e-07  -2.4653e-09  -7.3220e-11
  -2.4653e-09   2.4318e-09   1.5182e-10
  -7.3220e-11   1.5182e-10   1.0004e-07
</covariance>
</state>
<state>
<time>3.5</time>
<index>39</index>
<mean>
 0.998784 0.000988291 0.000231157 </mean>
<covariance>   1.0397e-07  -2.7476e-09  -9.2483e-11
  -2.7476e-09   2.6976e-09   1.6964e-10
  -9.2483e-11   1.6964e-10   1.0004e-07
</covariance>
</state>
<state>
<time>3.6</time>
<index>40</index>
<mean>
 0.998774 0.000990897 0.000238216 </mean>
<covariance>   1.0428e-07  -3.0346e-09  -1.1396e-10
  -3.0346e-09   2.9661e-09   1.8941e-10
  -1.1396e-10   1.8941e-10   1.0004e-07
</covariance>
</state>
<state>
<time>3.7</time>
<index>41</index>
<mean>
 0.998764 0.00099351 0.000245294 </mean>
<covariance>   1.0459e-07  -3.3263e-09  -1.3769e-10
  -3.3263e-09   3.2374e-09   2.1115e-10
  -1.3769e-10   2.1115e-10   1.0004e-07
</covariance>
</state>
<state>
<time>3.8</time>
<index>42</index>
<mean>
 0.998755 0.000996129 0.000252391 </mean>
<covariance>   1.0491e-07  -3.6228e-09  -1.6374e-10
  -3.6228e-09   3.5115e-09   2.3489e-10
  -1.6374e-10   2.3489e-10   1.0005e-07
</covariance>
</state>
<state>
<time>3.9</time>
<index>43</index>
<mean>
 0.998745 0.000998756 0.000259506 </mean>
<covariance>   1.0524e-07  -3.9241e-09  -1.9216e-10
  -3.9241e-09   3.7883e-09   2.6065e-10
  -1.9216e-10   2.6065e-10   1.0005e-07
</covariance>
</state>
<state>
<time>4</time>
<index>44</index>
<mean>
 0.998735 0.00100139 0.00026664 </mean>
<covariance>   1.0557e-07  -4.2302e-09  -2.2300e-10
  -4.2302e-09   4.0679e-09   2.8847e-10
  -2.2300e-10   2.8847e-10   1.0005e-07
</covariance>
</state>
<state>
<time>4</time>
<index>45</index>
<measurement> 0.000294047</measurement>
<loglik>9.58658</loglik>
<mean>
 0.998759 0.000978671 0.000265029 </mean>
<covariance>   1.0285e-07  -1.6129e-09  -3.7399e-11
  -1.6129e-09   1.5511e-09   1.0999e-10
  -3.7399e-11   1.0999e-10   1.0004e-07
</covariance>
</state>
<state>
<time>4.1</time>
<index>46</index>
<mean>
 0.998749 0.000981252 0.00027202 </mean>
<covariance>   1.0313e-07  -1.8808e-09  -5.0103e-11
  -1.8808e-09   1.8086e-09   1.2139e-10
  -5.0103e-11   1.2139e-10   1.0004e-07
</covariance>
</state>
<state>
<time>4.2</time>
<index>47</index>
<mean>
 0.99874 0.000983839 0.000279028 </mean>
<covariance>   1.0342e-07  -2.1532e-09  -6.4850e-11
  -2.1532e-09   2.0688e-09   1.3466e-10
  -6.4850e-11   1.3466e-10   1.0004e-07
</covariance>
</state>
<state>
<time>4.3</time>
<index>48</index>
<mean>
 0.99873 0.000986433 0.000286056 </mean>
<covariance>   1.0371e-07  -2.4302e-09  -8.1691e-11
  -2.4302e-09   2.3317e-09   1.4983e-10
  -8.1691e-11   1.4983e-10   1.0005e-07
</covariance>
</state>
<state>
<time>4.4</time>
<index>49</index>
<mean>
 0.99872 0.000989034 0.000293102 </mean>
<covariance>   1.0401e-07  -2.7118e-09  -1.0068e-10
  -2.7118e-09   2.5974e-09   1.6692e-10
  -1.0068e-10   1.6692e-10   1.0005e-07
</covariance>
</state>
<state>
<time>4.5</time>
<index>50</index>
<mean>
 0.998711 0.000991642 0.000300166 </mean>
<covariance>   1.0431e-07  -2.9980e-09  -1.2186e-10
  -2.9980e-09   2.8657e-09   1.8597e-10
  -1.2186e-10   1.8597e-10   1.0005e-07
</covariance>
</state>
<state>
<time>4.6</time>
<index>51</index>
<mean>
 0.998701 0.000994256 0.00030725 </mean>
<covariance>   1.0463e-07  -3.2890e-09  -1.4529e-10
  -3.2890e-09   3.1368e-09   2.0698e-10
  -1.4529e-10   2.0698e-10   1.0005e-07
</covariance>
</state>
<state>
<time>4.7</time>
<index>52</index>
<mean>
 0.998691 0.000996877 0.000314351 </mean>
<covariance>   1.0495e-07  -3.5847e-09  -1.7102e-10
  -3.5847e-09   3.4107e-09   2.2999e-10
  -1.7102e-10   2.2999e-10   1.0006e-07
</covariance>
</state>
<state>
<time>4.8</time>
<index>53</index>
<mean>
 0.998682 0.000999505 0.000321472 </mean>
<covariance>   1.0527e-07  -3.8853e-09  -1.9912e-10
  -3.8853e-09   3.6873e-09   2.5502e-10
  -1.9912e-10   2.5502e-10   1.0006e-07
</covariance>
</state>
<state>
<time>4.9</time>
<index>54</index>
<mean>
 0.998672 0.00100214 0.000328611 </mean>
<covariance>   1.0561e-07  -4.1907e-09  -2.2962e-10
  -4.1907e-09   3.9668e-09   2.8209e-10
  -2.2962e-10   2.8209e-10   1.0006e-07
</covariance>
</state>
<state>
<time>5</time>
<index>55</index>
<mean>
 0.998662 0.00100478 0.000335769 </mean>
<covariance>   1.0595e-07  -4.5010e-09  -2.6258e-10
  -4.5010e-09   4.2491e-09   3.1124e-10
  -2.6258e-10   3.1124e-10   1.0007e-07
</covariance>
</state>
<state>
<time>5</time>
<index>56</index>
<measurement> 0.000314017</measurement>
<loglik>9.62663</loglik>
<mean>
 0.998645 0.00102072 0.000336937 </mean>
<covariance>   1.0296e-07  -1.6773e-09  -5.5748e-11
  -1.6773e-09   1.5834e-09   1.1598e-10
  -5.5748e-11   1.1598e-10   1.0005e-07
</covariance>
</state>
<state>
<time>5.1</time>
<index>57</index>
<mean>
 0.998635 0.00102341 0.000344227 </mean>
<covariance>   1.0326e-07  -1.9674e-09  -6.8972e-11
  -1.9674e-09   1.8630e-09   1.2763e-10
  -6.8972e-11   1.2763e-10   1.0006e-07
</covariance>
</state>
<state>
<time>5.2</time>
<index>58</index>
<mean>
 0.998625 0.0010261 0.000351538 </mean>
<covariance>   1.0357e-07  -2.2625e-09  -8.4403e-11
  -2.2625e-09   2.1454e-09   1.4131e-10
  -8.4403e-11   1.4131e-10   1.0006e-07
</covariance>
</state>
<state>
<time>5.3</time>
<index>59</index>
<mean>
 0.998615 0.00102881 0.000358867 </mean>
<covariance>   1.0389e-07  -2.5625e-09  -1.0209e-10
  -2.5625e-09   2.4308e-09   1.5704e-10
  -1.0209e-10   1.5704e-10   1.0006e-07
</covariance>
</state>
<state>
<time>5.4</time>
<index>60</index>
<mean>
 0.998605 0.00103152 0.000366215 </mean>
<covariance>   1.0421e-07  -2.8675e-09  -1.2210e-10
  -2.8675e-09   2.7191e-09   1.7486e-10
  -1.2210e-10   1.7486e-10   1.0006e-07
</covariance>
</state>
<state>
<time>5.5</time>
<index>61</index>
<mean>
 0.998595 0.00103424 0.000373583 </mean>
<covariance>   1.0454e-07  -3.1776e-09  -1.4448e-10
  -3.1776e-09   3.0103e-09   1.9480e-10
  -1.4448e-10   1.9480e-10   1.0007e-07
</covariance>
</state>
<state>
<time>5.6</time>
<index>62</index>
<mean>
 0.998585 0.00103696 0.000380971 </mean>
<covariance>   1.0488e-07  -3.4928e-09  -1.6929e-10
  -3.4928e-09   3.3046e-09   2.1687e-10
  -1.6929e-10   2.1687e-10   1.0007e-07
</covariance>
</state>
<state>
<time>5.7</time>
<index>63</index>
<mean>
 0.998575 0.0010397 0.000388378 </mean>
<covariance>   1.0523e-07  -3.8132e-09  -1.9659e-10
  -3.8132e-09   3.6018e-09   2.4110e-10
  -1.9659e-10   2.4110e-10   1.0007e-07
</covariance>
</state>
<state>
<time>5.8</time>
<index>64</index>
<mean>
 0.998565 0.00104244 0.000395804 </mean>
<covariance>   1.0558e-07  -4.1388e-09  -2.2643e-10
  -4.1388e-09   3.9021e-09   2.6753e-10
  -2.2643e-10   2.6753e-10   1.0008e-07
</covariance>
</state>
<state>
<time>5.9</time>
<index>65</index>
<mean>
 0.998554 0.00104518 0.00040325 </mean>
<covariance>   1.0594e-07  -4.4697e-09  -2.5888e-10
  -4.4697e-09   4.2055e-09   2.9618e-10
  -2.5888e-10   2.9618e-10   1.0008e-07
</covariance>
</state>
<state>
<time>6</time>
<index>66</index>
<mean>
 0.998544 0.00104794 0.000410716 </mean>
<covariance>   1.0631e-07  -4.8059e-09  -2.9400e-10
  -4.8059e-09   4.5119e-09   3.2707e-10
  -2.9400e-10   3.2707e-10   1.0008e-07
</covariance>
</state>
<state>
<time>6</time>
<index>67</index>
<measurement> 0.000350832</measurement>
<loglik>8.90848</loglik>
<mean>
 0.998476 0.00111199 0.000415359 </mean>
<covariance>   1.0313e-07  -1.8181e-09  -7.7403e-11
  -1.8181e-09   1.7068e-09   1.2373e-10
  -7.7403e-11   1.2373e-10   1.0007e-07
</covariance>
</state>
<state>
<time>6.1</time>
<index>68</index>
<mean>
 0.998465 0.00111492 0.000423302 </mean>
<covariance>   1.0349e-07  -2.1602e-09  -9.1717e-11
  -2.1602e-09   2.0376e-09   1.3628e-10
  -9.1717e-11   1.3628e-10   1.0007e-07
</covariance>
</state>
<state>
<time>6.2</time>
<index>69</index>
<mean>
 0.998454 0.00111785 0.000431265 </mean>
<covariance>   1.0385e-07  -2.5082e-09  -1.0862e-10
  -2.5082e-09   2.3718e-09   1.5123e-10
  -1.0862e-10   1.5123e-10   1.0007e-07
</covariance>
</state>
<state>
<time>6.3</time>
<index>70</index>
<mean>
 0.998443 0.0011208 0.00043925 </mean>
<covariance>   1.0422e-07  -2.8621e-09  -1.2818e-10
  -2.8621e-09   2.7094e-09   1.6861e-10
  -1.2818e-10   1.6861e-10   1.0007e-07
</covariance>
</state>
<state>
<time>6.4</time>
<index>71</index>
<mean>
 0.998432 0.00112375 0.000447256 </mean>
<covariance>   1.0460e-07  -3.2219e-09  -1.5046e-10
  -3.2219e-09   3.0505e-09   1.8846e-10
  -1.5046e-10   1.8846e-10   1.0008e-07
</covariance>
</state>
<state>
<time>6.5</time>
<index>72</index>
<mean>
 0.998421 0.00112671 0.000455282 </mean>
<covariance>   1.0499e-07  -3.5877e-09  -1.7553e-10
  -3.5877e-09   3.3951e-09   2.1080e-10
  -1.7553e-10   2.1080e-10   1.0008e-07
</covariance>
</state>
<state>
<time>6.6</time>
<index>73</index>
<mean>
 0.99841 0.00112968 0.00046333 </mean>
<covariance>   1.0539e-07  -3.9595e-09  -2.0345e-10
  -3.9595e-09   3.7433e-09   2.3567e-10
  -2.0345e-10   2.3567e-10   1.0008e-07
</covariance>
</state>
<state>
<time>6.7</time>
<index>74</index>
<mean>
 0.998399 0.00113265 0.000471399 </mean>
<covariance>   1.0580e-07  -4.3375e-09  -2.3429e-10
  -4.3375e-09   4.0950e-09   2.6309e-10
  -2.3429e-10   2.6309e-10   1.0009e-07
</covariance>
</state>
<state>
<time>6.8</time>
<index>75</index>
<mean>
 0.998388 0.00113563 0.00047949 </mean>
<covariance>   1.0622e-07  -4.7216e-09  -2.6813e-10
  -4.7216e-09   4.4503e-09   2.9311e-10
  -2.6813e-10   2.9311e-10   1.0009e-07
</covariance>
</state>
<state>
<time>6.9</time>
<index>76</index>
<mean>
 0.998377 0.00113862 0.000487602 </mean>
<covariance>   1.0664e-07  -5.1120e-09  -3.0503e-10
  -5.1120e-09   4.8092e-09   3.2575e-10
  -3.0503e-10   3.2575e-10   1.0010e-07
</covariance>
</state>
<state>
<time>7</time>
<index>77</index>
<mean>
 0.998366 0.00114162 0.000495735 </mean>
<covariance>   1.0708e-07  -5.5087e-09  -3.4506e-10
  -5.5087e-09   5.1717e-09   3.6105e-10
  -3.4506e-10   3.6105e-10   1.0010e-07
</covariance>
</state>
<state>
<time>7</time>
<index>78</index>
<measurement> 0.000366401</measurement>
<loglik>9.34834</loglik>
<mean>
 0.998326 0.00117869 0.000498322 </mean>
<covariance>   1.0348e-07  -2.1291e-09  -1.0913e-10
  -2.1291e-09   1.9989e-09   1.3955e-10
  -1.0913e-10   1.3955e-10   1.0008e-07
</covariance>
</state>
<state>
<time>7.1</time>
<index>79</index>
<mean>
 0.998315 0.00118179 0.000506741 </mean>
<covariance>   1.0388e-07  -2.5145e-09  -1.2584e-10
  -2.5145e-09   2.3708e-09   1.5423e-10
  -1.2584e-10   1.5423e-10   1.0009e-07
</covariance>
</state>
<state>
<time>7.2</time>
<index>80</index>
<mean>
 0.998303 0.0011849 0.000515183 </mean>
<covariance>   1.0429e-07  -2.9065e-09  -1.4547e-10
  -2.9065e-09   2.7466e-09   1.7161e-10
  -1.4547e-10   1.7161e-10   1.0009e-07
</covariance>
</state>
<state>
<time>7.3</time>
<index>81</index>
<mean>
 0.998292 0.00118802 0.000523646 </mean>
<covariance>   1.0471e-07  -3.3051e-09  -1.6810e-10
  -3.3051e-09   3.1263e-09   1.9173e-10
  -1.6810e-10   1.9173e-10   1.0009e-07
</covariance>
</state>
<state>
<time>7.4</time>
<index>82</index>
<mean>
 0.99828 0.00119115 0.000532132 </mean>
<covariance>   1.0514e-07  -3.7103e-09  -1.9380e-10
  -3.7103e-09   3.5098e-09   2.1462e-10
  -1.9380e-10   2.1462e-10   1.0009e-07
</covariance>
</state>
<state>
<time>7.5</time>
<index>83</index>
<mean>
 0.998269 0.00119428 0.00054064 </mean>
<covariance>   1.0558e-07  -4.1223e-09  -2.2264e-10
  -4.1223e-09   3.8973e-09   2.4032e-10
  -2.2264e-10   2.4032e-10   1.0010e-07
</covariance>
</state>
<state>
<time>7.6</time>
<index>84</index>
<mean>
 0.998257 0.00119743 0.000549171 </mean>
<covariance>   1.0603e-07  -4.5411e-09  -2.5470e-10
  -4.5411e-09   4.2888e-09   2.6886e-10
  -2.5470e-10   2.6886e-10   1.0010e-07
</covariance>
</state>
<state>
<time>7.7</time>
<index>85</index>
<mean>
 0.998245 0.00120058 0.000557724 </mean>
<covariance>   1.0649e-07  -4.9667e-09  -2.9006e-10
  -4.9667e-09   4.6842e-09   3.0028e-10
  -2.9006e-10   3.0028e-10   1.0011e-07
</covariance>
</state>
<state>
<time>7.8</time>
<index>86</index>
<mean>
 0.998233 0.00120374 0.000566299 </mean>
<covariance>   1.0696e-07  -5.3993e-09  -3.2880e-10
  -5.3993e-09   5.0837e-09   3.3462e-10
  -3.2880e-10   3.3462e-10   1.0011e-07
</covariance>
</state>
<state>
<time>7.9</time>
<index>87</index>
<mean>
 0.998222 0.0012069 0.000574898 </mean>
<covariance>   1.0744e-07  -5.8389e-09  -3.7099e-10
  -5.8389e-09   5.4873e-09   3.7190e-10
  -3.7099e-10   3.7190e-10   1.0012e-07
</covariance>
</state>
<state>
<time>8</time>
<index>88</index>
<mean>
 0.99821 0.00121008 0.000583518 </mean>
<covariance>   1.0793e-07  -6.2856e-09  -4.1671e-10
  -6.2856e-09   5.8949e-09   4.1217e-10
  -4.1671e-10   4.1217e-10   1.0012e-07
</covariance>
</state>
<state>
<time>8</time>
<index>89</index>
<measurement> 0.00035475</measurement>
<loglik>9.39018</loglik>
<mean>
 0.99824 0.00118154 0.000581523 </mean>
<covariance>   1.0379e-07  -2.4080e-09  -1.4559e-10
  -2.4080e-09   2.2583e-09   1.5790e-10
  -1.4559e-10   1.5790e-10   1.0010e-07
</covariance>
</state>
<state>
<time>8.1</time>
<index>90</index>
<mean>
 0.998229 0.00118465 0.000589962 </mean>
<covariance>   1.0420e-07  -2.7983e-09  -1.6449e-10
  -2.7983e-09   2.6333e-09   1.7449e-10
  -1.6449e-10   1.7449e-10   1.0011e-07
</covariance>
</state>
<state>
<time>8.2</time>
<index>91</index>
<mean>
 0.998217 0.00118777 0.000598424 </mean>
<covariance>   1.0462e-07  -3.1953e-09  -1.8636e-10
  -3.1953e-09   3.0121e-09   1.9380e-10
  -1.8636e-10   1.9380e-10   1.0011e-07
</covariance>
</state>
<state>
<time>8.3</time>
<index>92</index>
<mean>
 0.998206 0.00119089 0.000606908 </mean>
<covariance>   1.0505e-07  -3.5989e-09  -2.1129e-10
  -3.5989e-09   3.3949e-09   2.1588e-10
  -2.1129e-10   2.1588e-10   1.0011e-07
</covariance>
</state>
<state>
<time>8.4</time>
<index>93</index>
<mean>
 0.998194 0.00119403 0.000615415 </mean>
<covariance>   1.0548e-07  -4.0093e-09  -2.3934e-10
  -4.0093e-09   3.7816e-09   2.4076e-10
  -2.3934e-10   2.4076e-10   1.0011e-07
</covariance>
</state>
<state>
<time>8.5</time>
<index>94</index>
<mean>
 0.998182 0.00119717 0.000623943 </mean>
<covariance>   1.0593e-07  -4.4264e-09  -2.7059e-10
  -4.4264e-09   4.1722e-09   2.6847e-10
  -2.7059e-10   2.6847e-10   1.0012e-07
</covariance>
</state>
<state>
<time>8.6</time>
<index>95</index>
<mean>
 0.998171 0.00120032 0.000632495 </mean>
<covariance>   1.0639e-07  -4.8504e-09  -3.0512e-10
  -4.8504e-09   4.5668e-09   2.9906e-10
  -3.0512e-10   2.9906e-10   1.0012e-07
</covariance>
</state>
<state>
<time>8.7</time>
<index>96</index>
<mean>
 0.998159 0.00120348 0.000641068 </mean>
<covariance>   1.0685e-07  -5.2813e-09  -3.4300e-10
  -5.2813e-09   4.9655e-09   3.3255e-10
  -3.4300e-10   3.3255e-10   1.0013e-07
</covariance>
</state>
<state>
<time>8.8</time>
<index>97</index>
<mean>
 0.998147 0.00120664 0.000649665 </mean>
<covariance>   1.0733e-07  -5.7192e-09  -3.8432e-10
  -5.7192e-09   5.3682e-09   3.6898e-10
  -3.8432e-10   3.6898e-10   1.0013e-07
</covariance>
</state>
<state>
<time>8.9</time>
<index>98</index>
<mean>
 0.998135 0.00120982 0.000658283 </mean>
<covariance>   1.0782e-07  -6.1642e-09  -4.2915e-10
  -6.1642e-09   5.7750e-09   4.0839e-10
  -4.2915e-10   4.0839e-10   1.0014e-07
</covariance>
</state>
<state>
<time>9</time>
<index>99</index>
<mean>
 0.998123 0.001213 0.000666925 </mean>
<covariance>   1.0832e-07  -6.6162e-09  -4.7756e-10
  -6.6162e-09   6.1859e-09   4.5082e-10
  -4.7756e-10   4.5082e-10   1.0014e-07
</covariance>
</state>
<state>
<time>9</time>
<index>100</index>
<measurement> 0.000392276</measurement>
<loglik>9.20928</loglik>
<mean>
 0.998074 0.00125936 0.000670303 </mean>
<covariance>   1.0388e-07  -2.4672e-09  -1.7519e-10
  -2.4672e-09   2.3067e-09   1.6811e-10
  -1.7519e-10   1.6811e-10   1.0012e-07
</covariance>
</state>
<state>
<time>9.1</time>
<index>101</index>
<mean>
 0.998062 0.00126267 0.000679299 </mean>
<covariance>   1.0434e-07  -2.9074e-09  -1.9462e-10
  -2.9074e-09   2.7312e-09   1.8507e-10
  -1.9462e-10   1.8507e-10   1.0013e-07
</covariance>
</state>
<state>
<time>9.2</time>
<index>102</index>
<mean>
 0.998049 0.00126599 0.000688318 </mean>
<covariance>   1.0481e-07  -3.3550e-09  -2.1738e-10
  -3.3550e-09   3.1601e-09   2.0511e-10
  -2.1738e-10   2.0511e-10   1.0013e-07
</covariance>
</state>
<state>
<time>9.3</time>
<index>103</index>
<mean>
 0.998037 0.00126932 0.000697361 </mean>
<covariance>   1.0529e-07  -3.8102e-09  -2.4357e-10
  -3.8102e-09   3.5934e-09   2.2828e-10
  -2.4357e-10   2.2828e-10   1.0013e-07
</covariance>
</state>
<state>
<time>9.4</time>
<index>104</index>
<mean>
 0.998024 0.00127266 0.000706427 </mean>
<covariance>   1.0578e-07  -4.2730e-09  -2.7326e-10
  -4.2730e-09   4.0311e-09   2.5461e-10
  -2.7326e-10   2.5461e-10   1.0013e-07
</covariance>
</state>
<state>
<time>9.5</time>
<index>105</index>
<mean>
 0.998012 0.00127601 0.000715518 </mean>
<covariance>   1.0628e-07  -4.7435e-09  -3.0655e-10
  -4.7435e-09   4.4733e-09   2.8415e-10
  -3.0655e-10   2.8415e-10   1.0014e-07
</covariance>
</state>
<state>
<time>9.6</time>
<index>106</index>
<mean>
 0.998 0.00127936 0.000724632 </mean>
<covariance>   1.0680e-07  -5.2217e-09  -3.4351e-10
  -5.2217e-09   4.9201e-09   3.1693e-10
  -3.4351e-10   3.1693e-10   1.0014e-07
</covariance>
</state>
<state>
<time>9.7</time>
<index>107</index>
<mean>
 0.997987 0.00128272 0.00073377 </mean>
<covariance>   1.0732e-07  -5.7077e-09  -3.8425e-10
  -5.7077e-09   5.3714e-09   3.5299e-10
  -3.8425e-10   3.5299e-10   1.0015e-07
</covariance>
</state>
<state>
<time>9.8</time>
<index>108</index>
<mean>
 0.997974 0.0012861 0.000742933 </mean>
<covariance>   1.0786e-07  -6.2017e-09  -4.2884e-10
  -6.2017e-09   5.8273e-09   3.9238e-10
  -4.2884e-10   3.9238e-10   1.0015e-07
</covariance>
</state>
<state>
<time>9.9</time>
<index>109</index>
<mean>
 0.997962 0.00128948 0.000752119 </mean>
<covariance>   1.0841e-07  -6.7037e-09  -4.7737e-10
  -6.7037e-09   6.2878e-09   4.3514e-10
  -4.7737e-10   4.3514e-10   1.0016e-07
</covariance>
</state>
<state>
<time>10</time>
<index>110</index>
<mean>
 0.997949 0.00129287 0.00076133 </mean>
<covariance>   1.0897e-07  -7.2137e-09  -5.2994e-10
  -7.2137e-09   6.7530e-09   4.8131e-10
  -5.2994e-10   4.8131e-10   1.0017e-07
</covariance>
</state>
<state>
<time>10</time>
<index>111</index>
<measurement> 0.000460007</measurement>
<loglik>7.29578</loglik>
<mean>
 0.997807 0.00142646 0.000770851 </mean>
<covariance>   1.0421e-07  -2.7575e-09  -2.1233e-10
  -2.7575e-09   2.5814e-09   1.8398e-10
  -2.1233e-10   1.8398e-10   1.0014e-07
</covariance>
</state>
<state>
<time>10.1</time>
<index>112</index>
<mean>
 0.997793 0.00143021 0.00078104 </mean>
<covariance>   1.0479e-07  -3.3174e-09  -2.3400e-10
  -3.3174e-09   3.1237e-09   2.0295e-10
  -2.3400e-10   2.0295e-10   1.0015e-07
</covariance>
</state>
<state>
<time>10.2</time>
<index>113</index>
<mean>
 0.997779 0.00143397 0.000791256 </mean>
<covariance>   1.0538e-07  -3.8867e-09  -2.5989e-10
  -3.8867e-09   3.6716e-09   2.2585e-10
  -2.5989e-10   2.2585e-10   1.0015e-07
</covariance>
</state>
<state>
<time>10.3</time>
<index>114</index>
<mean>
 0.997765 0.00143774 0.000801499 </mean>
<covariance>   1.0599e-07  -4.4657e-09  -2.9011e-10
  -4.4657e-09   4.2252e-09   2.5274e-10
  -2.9011e-10   2.5274e-10   1.0015e-07
</covariance>
</state>
<state>
<time>10.4</time>
<index>115</index>
<mean>
 0.997751 0.00144151 0.000811768 </mean>
<covariance>   1.0661e-07  -5.0545e-09  -3.2477e-10
  -5.0545e-09   4.7845e-09   2.8366e-10
  -3.2477e-10   2.8366e-10   1.0016e-07
</covariance>
</state>
<state>
<time>10.5</time>
<index>116</index>
<mean>
 0.997737 0.0014453 0.000822065 </mean>
<covariance>   1.0725e-07  -5.6530e-09  -3.6397e-10
  -5.6530e-09   5.3495e-09   3.1866e-10
  -3.6397e-10   3.1866e-10   1.0016e-07
</covariance>
</state>
<state>
<time>10.6</time>
<index>117</index>
<mean>
 0.997722 0.0014491 0.000832388 </mean>
<covariance>   1.0790e-07  -6.2614e-09  -4.0783e-10
  -6.2614e-09   5.9202e-09   3.5780e-10
  -4.0783e-10   3.5780e-10   1.0017e-07
</covariance>
</state>
<state>
<time>10.7</time>
<index>118</index>
<mean>
 0.997708 0.0014529 0.000842739 </mean>
<covariance>   1.0857e-07  -6.8799e-09  -4.5646e-10
  -6.8799e-09   6.4968e-09   4.0113e-10
  -4.5646e-10   4.0113e-10   1.0017e-07
</covariance>
</state>
<state>
<time>10.8</time>
<index>119</index>
<mean>
 0.997694 0.00145672 0.000853117 </mean>
<covariance>   1.0925e-07  -7.5084e-09  -5.0997e-10
  -7.5084e-09   7.0793e-09   4.4871e-10
  -5.0997e-10   4.4871e-10   1.0018e-07
</covariance>
</state>
<state>
<time>10.9</time>
<index>120</index>
<mean>
 0.99768 0.00146054 0.000863522 </mean>
<covariance>   1.0994e-07  -8.1472e-09  -5.6847e-10
  -8.1472e-09   7.6677e-09   5.0058e-10
  -5.6847e-10   5.0058e-10   1.0018e-07
</covariance>
</state>
<state>
<time>11</time>
<index>121</index>
<mean>
 0.997666 0.00146438 0.000873954 </mean>
<covariance>   1.1065e-07  -8.7962e-09  -6.3208e-10
  -8.7962e-09   8.2620e-09   5.5680e-10
  -6.3208e-10   5.5680e-10   1.0019e-07
</covariance>
</state>
<state>
<time>11</time>
<index>122</index>
<measurement> 0.000463612</measurement>
<loglik>9.20739</loglik>
<mean>
 0.997629 0.00149869 0.000876267 </mean>
<covariance>   1.0497e-07  -3.4616e-09  -2.7256e-10
  -3.4616e-09   3.2513e-09   2.1911e-10
  -2.7256e-10   2.1911e-10   1.0017e-07
</covariance>
</state>
<state>
<time>11.1</time>
<index>123</index>
<mean>
 0.997614 0.00150263 0.000886972 </mean>
<covariance>   1.0562e-07  -4.0844e-09  -2.9965e-10
  -4.0844e-09   3.8518e-09   2.4297e-10
  -2.9965e-10   2.4297e-10   1.0017e-07
</covariance>
</state>
<state>
<time>11.2</time>
<index>124</index>
<mean>
 0.9976 0.00150657 0.000897705 </mean>
<covariance>   1.0628e-07  -4.7178e-09  -3.3146e-10
  -4.7178e-09   4.4585e-09   2.7119e-10
  -3.3146e-10   2.7119e-10   1.0018e-07
</covariance>
</state>
<state>
<time>11.3</time>
<index>125</index>
<mean>
 0.997585 0.00151053 0.000908466 </mean>
<covariance>   1.0696e-07  -5.3618e-09  -3.6811e-10
  -5.3618e-09   5.0715e-09   3.0383e-10
  -3.6811e-10   3.0383e-10   1.0018e-07
</covariance>
</state>
<state>
<time>11.4</time>
<index>126</index>
<mean>
 0.99757 0.00151449 0.000919255 </mean>
<covariance>   1.0766e-07  -6.0166e-09  -4.0973e-10
  -6.0166e-09   5.6907e-09   3.4094e-10
  -4.0973e-10   3.4094e-10   1.0018e-07
</covariance>
</state>
<state>
<time>11.5</time>
<index>127</index>
<mean>
 0.997555 0.00151847 0.000930073 </mean>
<covariance>   1.0837e-07  -6.6823e-09  -4.5643e-10
  -6.6823e-09   6.3162e-09   3.8258e-10
  -4.5643e-10   3.8258e-10   1.0019e-07
</covariance>
</state>
<state>
<time>11.6</time>
<index>128</index>
<mean>
 0.997541 0.00152245 0.000940919 </mean>
<covariance>   1.0910e-07  -7.3589e-09  -5.0833e-10
  -7.3589e-09   6.9482e-09   4.2881e-10
  -5.0833e-10   4.2881e-10   1.0020e-07
</covariance>
</state>
<state>
<time>11.7</time>
<index>129</index>
<mean>
 0.997526 0.00152645 0.000951794 </mean>
<covariance>   1.0984e-07  -8.0466e-09  -5.6556e-10
  -8.0466e-09   7.5865e-09   4.7969e-10
  -5.6556e-10   4.7969e-10   1.0020e-07
</covariance>
</state>
<state>
<time>11.8</time>
<index>130</index>
<mean>
 0.997511 0.00153046 0.000962697 </mean>
<covariance>   1.1060e-07  -8.7454e-09  -6.2824e-10
  -8.7454e-09   8.2314e-09   5.3527e-10
  -6.2824e-10   5.3527e-10   1.0021e-07
</covariance>
</state>
<state>
<time>11.9</time>
<index>131</index>
<mean>
 0.997496 0.00153447 0.000973629 </mean>
<covariance>   1.1138e-07  -9.4556e-09  -6.9650e-10
  -9.4556e-09   8.8827e-09   5.9561e-10
  -6.9650e-10   5.9561e-10   1.0022e-07
</covariance>
</state>
<state>
<time>12</time>
<index>132</index>
<mean>
 0.997481 0.0015385 0.00098459 </mean>
<covariance>   1.1217e-07  -1.0177e-08  -7.7046e-10
  -1.0177e-08   9.5407e-09   6.6078e-10
  -7.7046e-10   6.6078e-10   1.0023e-07
</covariance>
</state>
<state>
<time>12</time>
<index>133</index>
<measurement> 0.000487426</measurement>
<loglik>9.14297</loglik>
<mean>
 0.997441 0.00157589 0.000987179 </mean>
<covariance>   1.0547e-07  -3.8959e-09  -3.3543e-10
  -3.8959e-09   3.6522e-09   2.5295e-10
  -3.3543e-10   2.5295e-10   1.0020e-07
</covariance>
</state>
<state>
<time>12.1</time>
<index>134</index>
<mean>
 0.997426 0.00158003 0.000998436 </mean>
<covariance>   1.0619e-07  -4.5851e-09  -3.6597e-10
  -4.5851e-09   4.3162e-09   2.7976e-10
  -3.6597e-10   2.7976e-10   1.0020e-07
</covariance>
</state>
<state>
<time>12.2</time>
<index>135</index>
<mean>
 0.99741 0.00158417 0.00100972 </mean>
<covariance>   1.0692e-07  -5.2860e-09  -4.0175e-10
  -5.2860e-09   4.9871e-09   3.1140e-10
  -4.0175e-10   3.1140e-10   1.0021e-07
</covariance>
</state>
<state>
<time>12.3</time>
<index>136</index>
<mean>
 0.997395 0.00158833 0.00102104 </mean>
<covariance>   1.0767e-07  -5.9986e-09  -4.4289e-10
  -5.9986e-09   5.6648e-09   3.4793e-10
  -4.4289e-10   3.4793e-10   1.0021e-07
</covariance>
</state>
<state>
<time>12.4</time>
<index>137</index>
<mean>
 0.997379 0.00159249 0.00103238 </mean>
<covariance>   1.0844e-07  -6.7232e-09  -4.8952e-10
  -6.7232e-09   6.3495e-09   3.8940e-10
  -4.8952e-10   3.8940e-10   1.0022e-07
</covariance>
</state>
<state>
<time>12.5</time>
<index>138</index>
<mean>
 0.997364 0.00159667 0.00104376 </mean>
<covariance>   1.0923e-07  -7.4597e-09  -5.4178e-10
  -7.4597e-09   7.0411e-09   4.3589e-10
  -5.4178e-10   4.3589e-10   1.0022e-07
</covariance>
</state>
<state>
<time>12.6</time>
<index>139</index>
<mean>
 0.997348 0.00160086 0.00105516 </mean>
<covariance>   1.1004e-07  -8.2083e-09  -5.9981e-10
  -8.2083e-09   7.7398e-09   4.8745e-10
  -5.9981e-10   4.8745e-10   1.0023e-07
</covariance>
</state>
<state>
<time>12.7</time>
<index>140</index>
<mean>
 0.997332 0.00160506 0.0010666 </mean>
<covariance>   1.1086e-07  -8.9692e-09  -6.6373e-10
  -8.9692e-09   8.4456e-09   5.4415e-10
  -6.6373e-10   5.4415e-10   1.0024e-07
</covariance>
</state>
<state>
<time>12.8</time>
<index>141</index>
<mean>
 0.997317 0.00160927 0.00107806 </mean>
<covariance>   1.1170e-07  -9.7424e-09  -7.3368e-10
  -9.7424e-09   9.1586e-09   6.0605e-10
  -7.3368e-10   6.0605e-10   1.0024e-07
</covariance>
</state>
<state>
<time>12.9</time>
<index>142</index>
<mean>
 0.997301 0.00161349 0.00108956 </mean>
<covariance>   1.1256e-07  -1.0528e-08  -8.0982e-10
  -1.0528e-08   9.8788e-09   6.7321e-10
  -8.0982e-10   6.7321e-10   1.0025e-07
</covariance>
</state>
<state>
<time>13</time>
<index>143</index>
<mean>
 0.997285 0.00161772 0.00110108 </mean>
<covariance>   1.1344e-07  -1.1326e-08  -8.9227e-10
  -1.1326e-08   1.0606e-08   7.4571e-10
  -8.9227e-10   7.4571e-10   1.0026e-07
</covariance>
</state>
<state>
<time>13</time>
<index>144</index>
<measurement> 0.000517551</measurement>
<loglik>9.0223</loglik>
<mean>
 0.997232 0.00166732 0.00110457 </mean>
<covariance>   1.0596e-07  -4.3212e-09  -3.9974e-10
  -4.3212e-09   4.0465e-09   2.8450e-10
  -3.9974e-10   2.8450e-10   1.0023e-07
</covariance>
</state>
<state>
<time>13.1</time>
<index>145</index>
<mean>
 0.997216 0.00167169 0.00111648 </mean>
<covariance>   1.0676e-07  -5.0920e-09  -4.3366e-10
  -5.0920e-09   4.7892e-09   3.1422e-10
  -4.3366e-10   3.1422e-10   1.0024e-07
</covariance>
</state>
<state>
<time>13.2</time>
<index>146</index>
<mean>
 0.9972 0.00167607 0.00112842 </mean>
<covariance>   1.0758e-07  -5.8758e-09  -4.7343e-10
  -5.8758e-09   5.5396e-09   3.4933e-10
  -4.7343e-10   3.4933e-10   1.0024e-07
</covariance>
</state>
<state>
<time>13.3</time>
<index>147</index>
<mean>
 0.997183 0.00168046 0.00114039 </mean>
<covariance>   1.0842e-07  -6.6727e-09  -5.1919e-10
  -6.6727e-09   6.2976e-09   3.8991e-10
  -5.1919e-10   3.8991e-10   1.0025e-07
</covariance>
</state>
<state>
<time>13.4</time>
<index>148</index>
<mean>
 0.997167 0.00168487 0.00115239 </mean>
<covariance>   1.0928e-07  -7.4830e-09  -5.7109e-10
  -7.4830e-09   7.0635e-09   4.3603e-10
  -5.7109e-10   4.3603e-10   1.0025e-07
</covariance>
</state>
<state>
<time>13.5</time>
<index>149</index>
<mean>
 0.99715 0.00168929 0.00116443 </mean>
<covariance>   1.1016e-07  -8.3066e-09  -6.2928e-10
  -8.3066e-09   7.8371e-09   4.8775e-10
  -6.2928e-10   4.8775e-10   1.0026e-07
</covariance>
</state>
<state>
<time>13.6</time>
<index>150</index>
<mean>
 0.997134 0.00169371 0.00117649 </mean>
<covariance>   1.1106e-07  -9.1438e-09  -6.9391e-10
  -9.1438e-09   8.6186e-09   5.4514e-10
  -6.9391e-10   5.4514e-10   1.0027e-07
</covariance>
</state>
<state>
<time>13.7</time>
<index>151</index>
<mean>
 0.997117 0.00169815 0.00118859 </mean>
<covariance>   1.1198e-07  -9.9947e-09  -7.6513e-10
  -9.9947e-09   9.4081e-09   6.0828e-10
  -7.6513e-10   6.0828e-10   1.0027e-07
</covariance>
</state>
<state>
<time>13.8</time>
<index>152</index>
<mean>
 0.997101 0.0017026 0.00120072 </mean>
<covariance>   1.1293e-07  -1.0859e-08  -8.4310e-10
  -1.0859e-08   1.0206e-08   6.7724e-10
  -8.4310e-10   6.7724e-10   1.0028e-07
</covariance>
</state>
<state>
<time>13.9</time>
<index>153</index>
<mean>
 0.997084 0.00170707 0.00121288 </mean>
<covariance>   1.1389e-07  -1.1738e-08  -9.2798e-10
  -1.1738e-08   1.1011e-08   7.5208e-10
  -9.2798e-10   7.5208e-10   1.0029e-07
</covariance>
</state>
<state>
<time>14</time>
<index>154</index>
<mean>
 0.997068 0.00171154 0.00122508 </mean>
<covariance>   1.1487e-07  -1.2631e-08  -1.0199e-09
  -1.2631e-08   1.1825e-08   8.3289e-10
  -1.0199e-09   8.3289e-10   1.0030e-07
</covariance>
</state>
<state>
<time>14</time>
<index>155</index>
<measurement> 0.00053519</measurement>
<loglik>9.10353</loglik>
<mean>
 0.997038 0.00173886 0.001227 </mean>
<covariance>   1.0654e-07  -4.8307e-09  -4.7051e-10
  -4.8307e-09   4.5225e-09   3.1855e-10
  -4.7051e-10   3.1855e-10   1.0027e-07
</covariance>
</state>
<state>
<time>14.1</time>
<index>156</index>
<mean>
 0.997021 0.00174342 0.00123942 </mean>
<covariance>   1.0741e-07  -5.6703e-09  -5.0844e-10
  -5.6703e-09   5.3306e-09   3.5176e-10
  -5.0844e-10   3.5176e-10   1.0027e-07
</covariance>
</state>
<state>
<time>14.2</time>
<index>157</index>
<mean>
 0.997004 0.00174798 0.00125187 </mean>
<covariance>   1.0831e-07  -6.5241e-09  -5.5273e-10
  -6.5241e-09   6.1471e-09   3.9085e-10
  -5.5273e-10   3.9085e-10   1.0028e-07
</covariance>
</state>
<state>
<time>14.3</time>
<index>158</index>
<mean>
