<?xml version="1.0"?>
<root>
<parameters> 0.190436 0.124617 0.00131278</parameters>
<dataPoints>365</dataPoints>
<states>
<state>
<time>0</time>
<index>0</index>
<mean>
 0.999 0.001 0 0.155 </mean>
<covariance>   1.0000e-07            0            0            0
            0   1.0000e-07            0            0
            0            0   1.0000e-07            0
            0            0            0   1.0000e-03
</covariance>
</state>
<state>
<time>0</time>
<index>1</index>
<measurement> 0.000266107</measurement>
<loglik>8.016</loglik>
<mean>
 0.999 0.00138766 0 0.155 </mean>
<covariance>   1.0000e-07            0            0            0
            0   2.4390e-09            0            0
            0            0   1.0000e-07            0
            0            0            0   1.0000e-03
</covariance>
</state>
<state>
<time>0.1</time>
<index>2</index>
<mean>
 0.998671 0.00131975 9.37703e-06 0.124617 </mean>
<covariance>   1.0002e-07  -5.5149e-11  -2.6977e-13  -1.3863e-07
  -5.5149e-11   2.4991e-09   1.7567e-11   1.3863e-07
  -2.6977e-13   1.7567e-11   1.0000e-07            0
  -1.3863e-07   1.3863e-07            0   1.0056e-03
</covariance>
</state>
<state>
<time>0.2</time>
<index>3</index>
<mean>
 0.998654 0.00132674 1.88038e-05 0.124617 </mean>
<covariance>   1.0007e-07  -1.3940e-10  -1.2350e-12  -2.7289e-07
  -1.3940e-10   2.5799e-09   3.5736e-11   2.7190e-07
  -1.2350e-12   3.5736e-11   1.0000e-07   9.9020e-10
  -2.7289e-07   2.7190e-07   9.9020e-10   1.0112e-03
</covariance>
</state>
<state>
<time>0.3</time>
<index>4</index>
<mean>
 0.998638 0.00133378 2.82805e-05 0.124617 </mean>
<covariance>   1.0016e-07  -2.6133e-10  -3.2932e-12  -4.1026e-07
  -2.6133e-10   2.6975e-09   5.4839e-11   4.0732e-07
  -3.2932e-12   5.4839e-11   1.0000e-07   2.9323e-09
  -4.1026e-07   4.0732e-07   2.9323e-09   1.0169e-03
</covariance>
</state>
<state>
<time>0.4</time>
<index>5</index>
<mean>
 0.998621 0.00134085 3.78075e-05 0.124617 </mean>
<covariance>   1.0029e-07  -4.2269e-10  -6.8601e-12  -5.5076e-07
  -4.2269e-10   2.8533e-09   7.5278e-11   5.4492e-07
  -6.8601e-12   7.5278e-11   1.0000e-07   5.8418e-09
  -5.5076e-07   5.4492e-07   5.8418e-09   1.0225e-03
</covariance>
</state>
<state>
<time>0.5</time>
<index>6</index>
<mean>
 0.998605 0.00134796 4.7385e-05 0.124617 </mean>
<covariance>   1.0047e-07  -6.2528e-10  -1.2373e-11  -6.9445e-07
  -6.2528e-10   3.0486e-09   9.7469e-11   6.8471e-07
  -1.2373e-11   9.7469e-11   1.0000e-07   9.7341e-09
  -6.9445e-07   6.8471e-07   9.7341e-09   1.0281e-03
</covariance>
</state>
<state>
<time>0.6</time>
<index>7</index>
<mean>
 0.998588 0.0013551 5.70132e-05 0.124617 </mean>
<covariance>   1.0069e-07  -8.7095e-10  -2.0292e-11  -8.4135e-07
  -8.7095e-10   3.2850e-09   1.2185e-10   8.2673e-07
  -2.0292e-11   1.2185e-10   1.0000e-07   1.4625e-08
  -8.4135e-07   8.2673e-07   1.4625e-08   1.0337e-03
</covariance>
</state>
<state>
<time>0.7</time>
<index>8</index>
<mean>
 0.998571 0.00136229 6.66926e-05 0.124617 </mean>
<covariance>   1.0096e-07  -1.1616e-09  -3.1098e-11  -9.9151e-07
  -1.1616e-09   3.5637e-09   1.4886e-10   9.7098e-07
  -3.1098e-11   1.4886e-10   1.0001e-07   2.0530e-08
  -9.9151e-07   9.7098e-07   2.0530e-08   1.0394e-03
</covariance>
</state>
<state>
<time>0.8</time>
<index>9</index>
<mean>
 0.998554 0.00136951 7.64232e-05 0.124617 </mean>
<covariance>   1.0127e-07  -1.4991e-09  -4.5300e-11  -1.1450e-06
  -1.4991e-09   3.8864e-09   1.7897e-10   1.1175e-06
  -4.5300e-11   1.7897e-10   1.0001e-07   2.7466e-08
  -1.1450e-06   1.1175e-06   2.7466e-08   1.0450e-03
</covariance>
</state>
<state>
<time>0.9</time>
<index>10</index>
<mean>
 0.998537 0.00137677 8.62054e-05 0.124617 </mean>
<covariance>   1.0165e-07  -1.8856e-09  -6.3427e-11  -1.3018e-06
  -1.8856e-09   4.2544e-09   2.1267e-10   1.2663e-06
  -6.3427e-11   2.1267e-10   1.0001e-07   3.5448e-08
  -1.3018e-06   1.2663e-06   3.5448e-08   1.0506e-03
</covariance>
</state>
<state>
<time>1</time>
<index>11</index>
<mean>
 0.99852 0.00138407 9.60394e-05 0.124617 </mean>
<covariance>   1.0207e-07  -2.3230e-09  -8.6036e-11  -1.4619e-06
  -2.3230e-09   4.6694e-09   2.5047e-10   1.4174e-06
  -8.6036e-11   2.5047e-10   1.0002e-07   4.4493e-08
  -1.4619e-06   1.4174e-06   4.4493e-08   1.0562e-03
</covariance>
</state>
<state>
<time>1</time>
<index>12</index>
<measurement> 0.000268494</measurement>
<loglik>9.94243</loglik>
<mean>
 0.998514 0.00139681 9.67232e-05 0.128486 </mean>
<covariance>   1.0150e-07  -1.1762e-09  -2.4521e-11  -1.1138e-06
  -1.1762e-09   2.3643e-09   1.2682e-10   7.1768e-07
  -2.4521e-11   1.2682e-10   1.0001e-07   6.9585e-09
  -1.1138e-06   7.1768e-07   6.9585e-09   8.4384e-04
</covariance>
</state>
<state>
<time>1.1</time>
<index>13</index>
<mean>
 0.998496 0.00140476 0.0001067 0.128486 </mean>
<covariance>   1.0186e-07  -1.4853e-09  -3.6451e-11  -1.2407e-06
  -1.4853e-09   2.6089e-09   1.4621e-10   8.3944e-07
  -3.6451e-11   1.4621e-10   1.0001e-07   1.2085e-08
  -1.2407e-06   8.3944e-07   1.2085e-08   8.4946e-04
</covariance>
</state>
<state>
<time>1.2</time>
<index>14</index>
<mean>
 0.998478 0.00141274 0.000116734 0.128486 </mean>
<covariance>   1.0226e-07  -1.8361e-09  -5.1710e-11  -1.3706e-06
  -1.8361e-09   2.8922e-09   1.6832e-10   9.6334e-07
  -5.1710e-11   1.6832e-10   1.0001e-07   1.8081e-08
  -1.3706e-06   9.6334e-07   1.8081e-08   8.5509e-04
</covariance>
</state>
<state>
<time>1.3</time>
<index>15</index>
<mean>
 0.998459 0.00142078 0.000126825 0.128486 </mean>
<covariance>   1.0271e-07  -2.2308e-09  -7.0770e-11  -1.5035e-06
  -2.2308e-09   3.2154e-09   1.9357e-10   1.0894e-06
  -7.0770e-11   1.9357e-10   1.0002e-07   2.4962e-08
  -1.5035e-06   1.0894e-06   2.4962e-08   8.6071e-04
</covariance>
</state>
<state>
<time>1.4</time>
<index>16</index>
<mean>
 0.998441 0.00142886 0.000136974 0.128486 </mean>
<covariance>   1.0321e-07  -2.6710e-09  -9.4125e-11  -1.6396e-06
  -2.6710e-09   3.5801e-09   2.2241e-10   1.2177e-06
  -9.4125e-11   2.2241e-10   1.0002e-07   3.2743e-08
  -1.6396e-06   1.2177e-06   3.2743e-08   8.6634e-04
</covariance>
</state>
<state>
<time>1.5</time>
<index>17</index>
<mean>
 0.998423 0.00143698 0.00014718 0.128486 </mean>
<covariance>   1.0377e-07  -3.1589e-09  -1.2230e-10  -1.7788e-06
  -3.1589e-09   3.9879e-09   2.5530e-10   1.3482e-06
  -1.2230e-10   2.5530e-10   1.0002e-07   4.1441e-08
  -1.7788e-06   1.3482e-06   4.1441e-08   8.7196e-04
</covariance>
</state>
<state>
<time>1.6</time>
<index>18</index>
<mean>
 0.998404 0.00144515 0.000157444 0.128486 </mean>
<covariance>   1.0438e-07  -3.6965e-09  -1.5582e-10  -1.9211e-06
  -3.6965e-09   4.4402e-09   2.9272e-10   1.4809e-06
  -1.5582e-10   2.9272e-10   1.0003e-07   5.1071e-08
  -1.9211e-06   1.4809e-06   5.1071e-08   8.7759e-04
</covariance>
</state>
<state>
<time>1.7</time>
<index>19</index>
<mean>
 0.998386 0.00145337 0.000167767 0.128486 </mean>
<covariance>   1.0505e-07  -4.2859e-09  -1.9528e-10  -2.0667e-06
  -4.2859e-09   4.9388e-09   3.3518e-10   1.6159e-06
  -1.9528e-10   3.3518e-10   1.0003e-07   6.1649e-08
  -2.0667e-06   1.6159e-06   6.1649e-08   8.8321e-04
</covariance>
</state>
<state>
<time>1.8</time>
<index>20</index>
<mean>
 0.998367 0.00146163 0.000178148 0.128486 </mean>
<covariance>   1.0578e-07  -4.9292e-09  -2.4126e-10  -2.2156e-06
  -4.9292e-09   5.4851e-09   3.8318e-10   1.7532e-06
  -2.4126e-10   3.8318e-10   1.0003e-07   7.3191e-08
  -2.2156e-06   1.7532e-06   7.3191e-08   8.8884e-04
</covariance>
</state>
<state>
<time>1.9</time>
<index>21</index>
<mean>
 0.998349 0.00146994 0.000188588 0.128486 </mean>
<covariance>   1.0658e-07  -5.6287e-09  -2.9439e-10  -2.3677e-06
  -5.6287e-09   6.0810e-09   4.3726e-10   1.8928e-06
  -2.9439e-10   4.3726e-10   1.0004e-07   8.5714e-08
  -2.3677e-06   1.8928e-06   8.5714e-08   8.9446e-04
</covariance>
</state>
<state>
<time>2</time>
<index>22</index>
<mean>
 0.99833 0.00147829 0.000199088 0.128486 </mean>
<covariance>   1.0744e-07  -6.3866e-09  -3.5532e-10  -2.5232e-06
  -6.3866e-09   6.7280e-09   4.9798e-10   2.0348e-06
  -3.5532e-10   4.9798e-10   1.0005e-07   9.9234e-08
  -2.5232e-06   2.0348e-06   9.9234e-08   9.0009e-04
</covariance>
</state>
<state>
<time>2</time>
<index>23</index>
<measurement> 0.000273642</measurement>
<loglik>9.78057</loglik>
<mean>
 0.998351 0.00145546 0.000197398 0.121581 </mean>
<covariance>   1.0409e-07  -2.8621e-09  -9.4444e-11  -1.4573e-06
  -2.8621e-09   3.0151e-09   2.2316e-10   9.1187e-07
  -9.4444e-11   2.2316e-10   1.0003e-07   1.6118e-08
  -1.4573e-06   9.1187e-07   1.6118e-08   5.6047e-04
</covariance>
</state>
<state>
<time>2.1</time>
<index>24</index>
<mean>
 0.998334 0.00146273 0.000207794 0.121581 </mean>
<covariance>   1.0460e-07  -3.2696e-09  -1.2114e-10  -1.5497e-06
  -3.2696e-09   3.3233e-09   2.4921e-10   9.9784e-07
  -1.2114e-10   2.4921e-10   1.0003e-07   2.2631e-08
  -1.5497e-06   9.9784e-07   2.2631e-08   5.6609e-04
</covariance>
</state>
<state>
<time>2.2</time>
<index>25</index>
<mean>
 0.998316 0.00147004 0.000218242 0.121581 </mean>
<covariance>   1.0514e-07  -3.7111e-09  -1.5215e-10  -1.6445e-06
  -3.7111e-09   3.6614e-09   2.7865e-10   1.0855e-06
  -1.5215e-10   2.7865e-10   1.0003e-07   2.9759e-08
  -1.6445e-06   1.0855e-06   2.9759e-08   5.7172e-04
</covariance>
</state>
<state>
<time>2.3</time>
<index>26</index>
<mean>
 0.998298 0.00147738 0.000228742 0.121581 </mean>
<covariance>   1.0573e-07  -4.1880e-09  -1.8786e-10  -1.7415e-06
  -4.1880e-09   4.0304e-09   3.1183e-10   1.1748e-06
  -1.8786e-10   3.1183e-10   1.0004e-07   3.7512e-08
  -1.7415e-06   1.1748e-06   3.7512e-08   5.7734e-04
</covariance>
</state>
<state>
<time>2.4</time>
<index>27</index>
<mean>
 0.99828 0.00148476 0.000239295 0.121581 </mean>
<covariance>   1.0636e-07  -4.7018e-09  -2.2868e-10  -1.8409e-06
  -4.7018e-09   4.4315e-09   3.4909e-10   1.2657e-06
  -2.2868e-10   3.4909e-10   1.0004e-07   4.5903e-08
  -1.8409e-06   1.2657e-06   4.5903e-08   5.8297e-04
</covariance>
</state>
<state>
<time>2.5</time>
<index>28</index>
<mean>
 0.998262 0.00149218 0.0002499 0.121581 </mean>
<covariance>   1.0703e-07  -5.2538e-09  -2.7502e-10  -1.9426e-06
  -5.2538e-09   4.8655e-09   3.9078e-10   1.3584e-06
  -2.7502e-10   3.9078e-10   1.0005e-07   5.4944e-08
  -1.9426e-06   1.3584e-06   5.4944e-08   5.8859e-04
</covariance>
</state>
<state>
<time>2.6</time>
<index>29</index>
<mean>
 0.998244 0.00149963 0.000260559 0.121581 </mean>
<covariance>   1.0775e-07  -5.8456e-09  -3.2734e-10  -2.0468e-06
  -5.8456e-09   5.3338e-09   4.3728e-10   1.4529e-06
  -3.2734e-10   4.3728e-10   1.0005e-07   6.4647e-08
  -2.0468e-06   1.4529e-06   6.4647e-08   5.9422e-04
</covariance>
</state>
<state>
<time>2.7</time>
<index>30</index>
<mean>
 0.998226 0.00150712 0.00027127 0.121581 </mean>
<covariance>   1.0852e-07  -6.4787e-09  -3.8609e-10  -2.1533e-06
  -6.4787e-09   5.8375e-09   4.8898e-10   1.5490e-06
  -3.8609e-10   4.8898e-10   1.0006e-07   7.5025e-08
  -2.1533e-06   1.5490e-06   7.5025e-08   5.9984e-04
</covariance>
</state>
<state>
<time>2.8</time>
<index>31</index>
<mean>
 0.998208 0.00151464 0.000282035 0.121581 </mean>
<covariance>   1.0934e-07  -7.1547e-09  -4.5175e-10  -2.2623e-06
  -7.1547e-09   6.3777e-09   5.4627e-10   1.6470e-06
  -4.5175e-10   5.4627e-10   1.0007e-07   8.6089e-08
  -2.2623e-06   1.6470e-06   8.6089e-08   6.0547e-04
</covariance>
</state>
<state>
<time>2.9</time>
<index>32</index>
<mean>
 0.998189 0.00152221 0.000292854 0.121581 </mean>
<covariance>   1.1022e-07  -7.8752e-09  -5.2482e-10  -2.3738e-06
  -7.8752e-09   6.9556e-09   6.0957e-10   1.7467e-06
  -5.2482e-10   6.0957e-10   1.0008e-07   9.7853e-08
  -2.3738e-06   1.7467e-06   9.7853e-08   6.1109e-04
</covariance>
</state>
<state>
<time>3</time>
<index>33</index>
<mean>
 0.998171 0.00152981 0.000303727 0.121581 </mean>
<covariance>   1.1115e-07  -8.6419e-09  -6.0582e-10  -2.4878e-06
  -8.6419e-09   7.5725e-09   6.7929e-10   1.8482e-06
  -6.0582e-10   6.7929e-10   1.0008e-07   1.1033e-07
  -2.4878e-06   1.8482e-06   1.1033e-07   6.1672e-04
</covariance>
</state>
<state>
<time>3</time>
<index>34</index>
<measurement> 0.000263038</measurement>
<loglik>8.9805</loglik>
<mean>
 0.998266 0.001446 0.000296209 0.101125 </mean>
<covariance>   1.0558e-07  -3.7667e-09  -1.6850e-10  -1.2979e-06
  -3.7667e-09   3.3006e-09   2.9608e-10   8.0558e-07
  -1.6850e-10   2.9608e-10   1.0005e-07   1.6799e-08
  -1.2979e-06   8.0558e-07   1.6799e-08   3.6224e-04
</covariance>
</state>
<state>
<time>3.1</time>
<index>35</index>
<mean>
 0.998252 0.00145026 0.000306538 0.101125 </mean>
<covariance>   1.0604e-07  -4.1224e-09  -2.0188e-10  -1.3583e-06
  -4.1224e-09   3.5608e-09   3.2385e-10   8.6023e-07
  -2.0188e-10   3.2385e-10   1.0005e-07   2.2553e-08
  -1.3583e-06   8.6023e-07   2.2553e-08   3.6786e-04
</covariance>
</state>
<state>
<time>3.2</time>
<index>36</index>
<mean>
 0.998237 0.00145455 0.000316897 0.101125 </mean>
<covariance>   1.0653e-07  -4.4995e-09  -2.3900e-10  -1.4203e-06
  -4.4995e-09   3.8393e-09   3.5447e-10   9.1601e-07
  -2.3900e-10   3.5447e-10   1.0006e-07   2.8698e-08
  -1.4203e-06   9.1601e-07   2.8698e-08   3.7349e-04
</covariance>
</state>
<state>
<time>3.3</time>
<index>37</index>
<mean>
 0.998222 0.00145884 0.000327286 0.101125 </mean>
<covariance>   1.0704e-07  -4.8988e-09  -2.8011e-10  -1.4837e-06
  -4.8988e-09   4.1365e-09   3.8813e-10   9.7292e-07
  -2.8011e-10   3.8813e-10   1.0006e-07   3.5240e-08
  -1.4837e-06   9.7292e-07   3.5240e-08   3.7911e-04
</covariance>
</state>
<state>
<time>3.4</time>
<index>38</index>
<mean>
 0.998208 0.00146315 0.000337706 0.101125 </mean>
<covariance>   1.0758e-07  -5.3211e-09  -3.2546e-10  -1.5487e-06
  -5.3211e-09   4.4530e-09   4.2505e-10   1.0310e-06
  -3.2546e-10   4.2505e-10   1.0007e-07   4.2190e-08
  -1.5487e-06   1.0310e-06   4.2190e-08   3.8474e-04
</covariance>
</state>
<state>
<time>3.5</time>
<index>39</index>
<mean>
 0.998193 0.00146746 0.000348157 0.101125 </mean>
<covariance>   1.0814e-07  -5.7672e-09  -3.7531e-10  -1.6153e-06
  -5.7672e-09   4.7894e-09   4.6544e-10   1.0902e-06
  -3.7531e-10   4.6544e-10   1.0008e-07   4.9554e-08
  -1.6153e-06   1.0902e-06   4.9554e-08   3.9036e-04
</covariance>
</state>
<state>
<time>3.6</time>
<index>40</index>
<mean>
 0.998178 0.0014718 0.000358639 0.101125 </mean>
<covariance>   1.0874e-07  -6.2378e-09  -4.2994e-10  -1.6835e-06
  -6.2378e-09   5.1463e-09   5.0952e-10   1.1506e-06
  -4.2994e-10   5.0952e-10   1.0008e-07   5.7341e-08
  -1.6835e-06   1.1506e-06   5.7341e-08   3.9599e-04
</covariance>
</state>
<state>
<time>3.7</time>
<index>41</index>
<mean>
 0.998163 0.00147614 0.000369152 0.101125 </mean>
<covariance>   1.0937e-07  -6.7337e-09  -4.8964e-10  -1.7532e-06
  -6.7337e-09   5.5241e-09   5.5751e-10   1.2121e-06
  -4.8964e-10   5.5751e-10   1.0009e-07   6.5559e-08
  -1.7532e-06   1.2121e-06   6.5559e-08   4.0161e-04
</covariance>
</state>
<state>
<time>3.8</time>
<index>42</index>
<mean>
 0.998148 0.0014805 0.000379696 0.101125 </mean>
<covariance>   1.1004e-07  -7.2557e-09  -5.5469e-10  -1.8246e-06
  -7.2557e-09   5.9235e-09   6.0966e-10   1.2748e-06
  -5.5469e-10   6.0966e-10   1.0010e-07   7.4217e-08
  -1.8246e-06   1.2748e-06   7.4217e-08   4.0724e-04
</covariance>
</state>
<state>
<time>3.9</time>
<index>43</index>
<mean>
 0.998133 0.00148486 0.000390271 0.101125 </mean>
<covariance>   1.1073e-07  -7.8047e-09  -6.2540e-10  -1.8976e-06
  -7.8047e-09   6.3451e-09   6.6620e-10   1.3387e-06
  -6.2540e-10   6.6620e-10   1.0011e-07   8.3323e-08
  -1.8976e-06   1.3387e-06   8.3323e-08   4.1286e-04
</covariance>
</state>
<state>
<time>4</time>
<index>44</index>
<mean>
 0.998118 0.00148925 0.000400877 0.101125 </mean>
<covariance>   1.1146e-07  -8.3815e-09  -7.0208e-10  -1.9723e-06
  -8.3815e-09   6.7894e-09   7.2738e-10   1.4039e-06
  -7.0208e-10   7.2738e-10   1.0012e-07   9.2886e-08
  -1.9723e-06   1.4039e-06   9.2886e-08   4.1849e-04
</covariance>
</state>
<state>
<time>4</time>
<index>45</index>
<measurement> 0.000324886</measurement>
<loglik>7.9402</loglik>
<mean>
 0.997971 0.00160857 0.00041366 0.125797 </mean>
<covariance>   1.0577e-07  -3.7678e-09  -2.0780e-10  -1.0183e-06
  -3.7678e-09   3.0521e-09   3.2698e-10   6.3109e-07
  -2.0780e-10   3.2698e-10   1.0008e-07   1.0096e-08
  -1.0183e-06   6.3109e-07   1.0096e-08   2.5870e-04
</covariance>
</state>
<state>
<time>4.1</time>
<index>46</index>
<mean>
 0.997951 0.00161727 0.00042515 0.125797 </mean>
<covariance>   1.0619e-07  -4.0977e-09  -2.4143e-10  -1.0678e-06
  -4.0977e-09   3.2954e-09   3.5301e-10   6.7601e-07
  -2.4143e-10   3.5301e-10   1.0008e-07   1.4603e-08
  -1.0678e-06   6.7601e-07   1.4603e-08   2.6433e-04
</covariance>
</state>
<state>
<time>4.2</time>
<index>47</index>
<mean>
 0.997931 0.00162602 0.000436702 0.125797 </mean>
<covariance>   1.0665e-07  -4.4495e-09  -2.7856e-10  -1.1189e-06
  -4.4495e-09   3.5573e-09   3.8172e-10   7.2231e-07
  -2.7856e-10   3.8172e-10   1.0009e-07   1.9432e-08
  -1.1189e-06   7.2231e-07   1.9432e-08   2.6995e-04
</covariance>
</state>
<state>
<time>4.3</time>
<index>48</index>
<mean>
 0.99791 0.00163482 0.000448317 0.125797 </mean>
<covariance>   1.0713e-07  -4.8242e-09  -3.1944e-10  -1.1717e-06
  -4.8242e-09   3.8385e-09   4.1332e-10   7.7000e-07
  -3.1944e-10   4.1332e-10   1.0009e-07   2.4591e-08
  -1.1717e-06   7.7000e-07   2.4591e-08   2.7558e-04
</covariance>
</state>
<state>
<time>4.4</time>
<index>49</index>
<mean>
 0.99789 0.00164366 0.000459994 0.125797 </mean>
<covariance>   1.0764e-07  -5.2228e-09  -3.6433e-10  -1.2263e-06
  -5.2228e-09   4.1399e-09   4.4802e-10   8.1910e-07
  -3.6433e-10   4.4802e-10   1.0010e-07   3.0091e-08
  -1.2263e-06   8.1910e-07   3.0091e-08   2.8120e-04
</covariance>
</state>
<state>
<time>4.5</time>
<index>50</index>
<mean>
 0.997869 0.00165256 0.000471734 0.125797 </mean>
<covariance>   1.0818e-07  -5.6464e-09  -4.1352e-10  -1.2827e-06
  -5.6464e-09   4.4623e-09   4.8606e-10   8.6963e-07
  -4.1352e-10   4.8606e-10   1.0010e-07   3.5942e-08
  -1.2827e-06   8.6963e-07   3.5942e-08   2.8683e-04
</covariance>
</state>
<state>
<time>4.6</time>
<index>51</index>
<mean>
 0.997848 0.0016615 0.000483538 0.125797 </mean>
<covariance>   1.0875e-07  -6.0962e-09  -4.6729e-10  -1.3409e-06
  -6.0962e-09   4.8066e-09   5.2768e-10   9.2160e-07
  -4.6729e-10   5.2768e-10   1.0011e-07   4.2154e-08
  -1.3409e-06   9.2160e-07   4.2154e-08   2.9245e-04
</covariance>
</state>
<state>
<time>4.7</time>
<index>52</index>
<mean>
 0.997827 0.00167049 0.000495406 0.125797 </mean>
<covariance>   1.0936e-07  -6.5734e-09  -5.2596e-10  -1.4009e-06
  -6.5734e-09   5.1738e-09   5.7312e-10   9.7505e-07
  -5.2596e-10   5.7312e-10   1.0012e-07   4.8737e-08
  -1.4009e-06   9.7505e-07   4.8737e-08   2.9808e-04
</covariance>
</state>
<state>
<time>4.8</time>
<index>53</index>
<mean>
 0.997807 0.00167952 0.000507338 0.125797 </mean>
<covariance>   1.1000e-07  -7.0790e-09  -5.8985e-10  -1.4628e-06
  -7.0790e-09   5.5647e-09   6.2265e-10   1.0300e-06
  -5.8985e-10   6.2265e-10   1.0013e-07   5.5701e-08
  -1.4628e-06   1.0300e-06   5.5701e-08   3.0370e-04
</covariance>
</state>
<state>
<time>4.9</time>
<index>54</index>
<mean>
 0.997785 0.00168861 0.000519335 0.125797 </mean>
<covariance>   1.1067e-07  -7.6144e-09  -6.5928e-10  -1.5266e-06
  -7.6144e-09   5.9804e-09   6.7654e-10   1.0864e-06
  -6.5928e-10   6.7654e-10   1.0014e-07   6.3058e-08
  -1.5266e-06   1.0864e-06   6.3058e-08   3.0933e-04
</covariance>
</state>
<state>
<time>5</time>
<index>55</index>
<mean>
 0.997764 0.00169774 0.000531396 0.125797 </mean>
<covariance>   1.1139e-07  -8.1809e-09  -7.3461e-10  -1.5923e-06
  -8.1809e-09   6.4218e-09   7.3506e-10   1.1444e-06
  -7.3461e-10   7.3506e-10   1.0015e-07   7.0818e-08
  -1.5923e-06   1.1444e-06   7.0818e-08   3.1495e-04
</covariance>
</state>
<state>
<time>5</time>
<index>56</index>
<measurement> 0.000346857</measurement>
<loglik>9.23423</loglik>
<mean>
 0.99769 0.001756 0.000538065 0.13618 </mean>
<covariance>   1.0648e-07  -4.3258e-09  -2.9334e-10  -9.0534e-07
  -4.3258e-09   3.3956e-09   3.8868e-10   6.0511e-07
  -2.9334e-10   3.8868e-10   1.0011e-07   9.0918e-09
  -9.0534e-07   6.0511e-07   9.0918e-09   2.1885e-04
</covariance>
</state>
<state>
<time>5.1</time>
<index>57</index>
<mean>
 0.997666 0.00176732 0.000550608 0.13618 </mean>
<covariance>   1.0692e-07  -4.6709e-09  -3.3219e-10  -9.5188e-07
  -4.6709e-09   3.6594e-09   4.1793e-10   6.4733e-07
  -3.3219e-10   4.1793e-10   1.0011e-07   1.3414e-08
  -9.5188e-07   6.4733e-07   1.3414e-08   2.2448e-04
</covariance>
</state>
<state>
<time>5.2</time>
<index>58</index>
<mean>
 0.997642 0.00177871 0.000563232 0.13618 </mean>
<covariance>   1.0739e-07  -5.0396e-09  -3.7476e-10  -1.0002e-06
  -5.0396e-09   3.9432e-09   4.5010e-10   6.9105e-07
  -3.7476e-10   4.5010e-10   1.0012e-07   1.8038e-08
  -1.0002e-06   6.9105e-07   1.8038e-08   2.3010e-04
</covariance>
</state>
<state>
<time>5.3</time>
<index>59</index>
<mean>
 0.997618 0.00179017 0.000575937 0.13618 </mean>
<covariance>   1.0788e-07  -5.4330e-09  -4.2132e-10  -1.0504e-06
  -5.4330e-09   4.2480e-09   4.8542e-10   7.3631e-07
  -4.2132e-10   4.8542e-10   1.0013e-07   2.2974e-08
  -1.0504e-06   7.3631e-07   2.2974e-08   2.3573e-04
</covariance>
</state>
<state>
<time>5.4</time>
<index>60</index>
<mean>
 0.997594 0.0018017 0.000588724 0.13618 </mean>
<covariance>   1.0841e-07  -5.8526e-09  -4.7217e-10  -1.1025e-06
  -5.8526e-09   4.5749e-09   5.2412e-10   7.8313e-07
  -4.7217e-10   5.2412e-10   1.0013e-07   2.8233e-08
  -1.1025e-06   7.8313e-07   2.8233e-08   2.4135e-04
</covariance>
</state>
<state>
<time>5.5</time>
<index>61</index>
<mean>
 0.997569 0.00181331 0.000601593 0.13618 </mean>
<covariance>   1.0898e-07  -6.2996e-09  -5.2760e-10  -1.1565e-06
  -6.2996e-09   4.9248e-09   5.6645e-10   8.3153e-07
  -5.2760e-10   5.6645e-10   1.0014e-07   3.3827e-08
  -1.1565e-06   8.3153e-07   3.3827e-08   2.4698e-04
</covariance>
</state>
<state>
<time>5.6</time>
<index>62</index>
<mean>
 0.997545 0.00182499 0.000614545 0.13618 </mean>
<covariance>   1.0957e-07  -6.7753e-09  -5.8795e-10  -1.2124e-06
  -6.7753e-09   5.2990e-09   6.1268e-10   8.8153e-07
  -5.8795e-10   6.1268e-10   1.0015e-07   3.9767e-08
  -1.2124e-06   8.8153e-07   3.9767e-08   2.5260e-04
</covariance>
</state>
<state>
<time>5.7</time>
<index>63</index>
<mean>
 0.99752 0.00183674 0.000627581 0.13618 </mean>
<covariance>   1.1021e-07  -7.2813e-09  -6.5356e-10  -1.2704e-06
  -7.2813e-09   5.6986e-09   6.6309e-10   9.3317e-07
  -6.5356e-10   6.6309e-10   1.0016e-07   4.6063e-08
  -1.2704e-06   9.3317e-07   4.6063e-08   2.5823e-04
</covariance>
</state>
<state>
<time>5.8</time>
<index>64</index>
<mean>
 0.997495 0.00184858 0.0006407 0.13618 </mean>
<covariance>   1.1088e-07  -7.8190e-09  -7.2477e-10  -1.3303e-06
  -7.8190e-09   6.1246e-09   7.1797e-10   9.8646e-07
  -7.2477e-10   7.1797e-10   1.0017e-07   5.2729e-08
  -1.3303e-06   9.8646e-07   5.2729e-08   2.6385e-04
</covariance>
</state>
<state>
<time>5.9</time>
<index>65</index>
<mean>
 0.99747 0.00186048 0.000653905 0.13618 </mean>
<covariance>   1.1159e-07  -8.3899e-09  -8.0197e-10  -1.3924e-06
  -8.3899e-09   6.5785e-09   7.7763e-10   1.0414e-06
  -8.0197e-10   7.7763e-10   1.0018e-07   5.9775e-08
  -1.3924e-06   1.0414e-06   5.9775e-08   2.6948e-04
</covariance>
</state>
<state>
<time>6</time>
<index>66</index>
<mean>
 0.997444 0.00187247 0.000667194 0.13618 </mean>
<covariance>   1.1235e-07  -8.9956e-09  -8.8555e-10  -1.4565e-06
  -8.9956e-09   7.0614e-09   8.4238e-10   1.0981e-06
  -8.8555e-10   8.4238e-10   1.0019e-07   6.7214e-08
  -1.4565e-06   1.0981e-06   6.7214e-08   2.7510e-04
</covariance>
</state>
<state>
<time>6</time>
<index>67</index>
<measurement> 0.000345295</measurement>
<loglik>9.60925</loglik>
<mean>
 0.997478 0.00184602 0.000664038 0.132067 </mean>
<covariance>   1.0723e-07  -4.9821e-09  -4.0676e-10  -8.3232e-07
  -4.9821e-09   3.9108e-09   4.6654e-10   6.0817e-07
  -4.0676e-10   4.6654e-10   1.0014e-07   8.7663e-09
  -8.3232e-07   6.0817e-07   8.7663e-09   1.9891e-04
</covariance>
</state>
<state>
<time>6.1</time>
<index>68</index>
<mean>
 0.997454 0.00185715 0.000677224 0.132067 </mean>
<covariance>   1.0768e-07  -5.3353e-09  -4.5126e-10  -8.7694e-07
  -5.3353e-09   4.1899e-09   4.9986e-10   6.4844e-07
  -4.5126e-10   4.9986e-10   1.0015e-07   1.3110e-08
  -8.7694e-07   6.4844e-07   1.3110e-08   2.0454e-04
</covariance>
</state>
<state>
<time>6.2</time>
<index>69</index>
<mean>
 0.997429 0.00186835 0.00069049 0.132067 </mean>
<covariance>   1.0815e-07  -5.7121e-09  -4.9962e-10  -9.2335e-07
  -5.7121e-09   4.4891e-09   5.3625e-10   6.9022e-07
  -4.9962e-10   5.3625e-10   1.0016e-07   1.7742e-08
  -9.2335e-07   6.9022e-07   1.7742e-08   2.1016e-04
</covariance>
</state>
<state>
<time>6.3</time>
<index>70</index>
<mean>
 0.997405 0.00187961 0.000703835 0.132067 </mean>
<covariance>   1.0865e-07  -6.1137e-09  -5.5212e-10  -9.7158e-07
  -6.1137e-09   4.8092e-09   5.7596e-10   7.3352e-07
  -5.5212e-10   5.7596e-10   1.0017e-07   2.2672e-08
  -9.7158e-07   7.3352e-07   2.2672e-08   2.1579e-04
</covariance>
</state>
<state>
<time>6.4</time>
<index>71</index>
<mean>
 0.99738 0.00189095 0.000717261 0.132067 </mean>
<covariance>   1.0918e-07  -6.5413e-09  -6.0905e-10  -1.0217e-06
  -6.5413e-09   5.1513e-09   6.1921e-10   7.7838e-07
  -6.0905e-10   6.1921e-10   1.0017e-07   2.7912e-08
  -1.0217e-06   7.7838e-07   2.7912e-08   2.2141e-04
</covariance>
</state>
<state>
<time>6.5</time>
<index>72</index>
<mean>
 0.997355 0.00190235 0.000730767 0.132067 </mean>
<covariance>   1.0974e-07  -6.9963e-09  -6.7071e-10  -1.0737e-06
  -6.9963e-09   5.5165e-09   6.6625e-10   8.2480e-07
  -6.7071e-10   6.6625e-10   1.0018e-07   3.3472e-08
  -1.0737e-06   8.2480e-07   3.3472e-08   2.2704e-04
</covariance>
</state>
<state>
<time>6.6</time>
<index>73</index>
<mean>
 0.99733 0.00191382 0.000744356 0.132067 </mean>
<covariance>   1.1034e-07  -7.4800e-09  -7.3743e-10  -1.1276e-06
  -7.4800e-09   5.9059e-09   7.1736e-10   8.7282e-07
  -7.3743e-10   7.1736e-10   1.0019e-07   3.9363e-08
  -1.1276e-06   8.7282e-07   3.9363e-08   2.3266e-04
</covariance>
</state>
<state>
<time>6.7</time>
<index>74</index>
<mean>
 0.997305 0.00192535 0.000758026 0.132067 </mean>
<covariance>   1.1098e-07  -7.9939e-09  -8.0954e-10  -1.1834e-06
  -7.9939e-09   6.3206e-09   7.7281e-10   9.2246e-07
  -8.0954e-10   7.7281e-10   1.0020e-07   4.5597e-08
  -1.1834e-06   9.2246e-07   4.5597e-08   2.3829e-04
</covariance>
</state>
<state>
<time>6.8</time>
<index>75</index>
<mean>
 0.997279 0.00193696 0.000771778 0.132067 </mean>
<covariance>   1.1165e-07  -8.5393e-09  -8.8741e-10  -1.2413e-06
  -8.5393e-09   6.7618e-09   8.3288e-10   9.7375e-07
  -8.8741e-10   8.3288e-10   1.0022e-07   5.2187e-08
  -1.2413e-06   9.7375e-07   5.2187e-08   2.4391e-04
</covariance>
</state>
<state>
<time>6.9</time>
<index>76</index>
<mean>
 0.997254 0.00194864 0.000785614 0.132067 </mean>
<covariance>   1.1237e-07  -9.1179e-09  -9.7142e-10  -1.3012e-06
  -9.1179e-09   7.2307e-09   8.9789e-10   1.0267e-06
  -9.7142e-10   8.9789e-10   1.0023e-07   5.9142e-08
  -1.3012e-06   1.0267e-06   5.9142e-08   2.4954e-04
</covariance>
</state>
<state>
<time>7</time>
<index>77</index>
<mean>
 0.997228 0.00196038 0.000799532 0.132067 </mean>
<covariance>   1.1312e-07  -9.7312e-09  -1.0619e-09  -1.3632e-06
  -9.7312e-09   7.7285e-09   9.6816e-10   1.0814e-06
  -1.0619e-09   9.6816e-10   1.0024e-07   6.6475e-08
  -1.3632e-06   1.0814e-06   6.6475e-08   2.5516e-04
</covariance>
</state>
<state>
<time>7</time>
<index>78</index>
<measurement> 0.00032525</measurement>
<loglik>7.83655</loglik>
<mean>
 0.99737 0.00184784 0.000785434 0.11632 </mean>
<covariance>   1.0766e-07  -5.3930e-09  -5.1850e-10  -7.5623e-07
  -5.3930e-09   4.2831e-09   5.3655e-10   5.9928e-07
  -5.1850e-10   5.3655e-10   1.0019e-07   6.0865e-09
  -7.5623e-07   5.9928e-07   6.0865e-09   1.8771e-04
</covariance>
</state>
<state>
<time>7.1</time>
<index>79</index>
<mean>
 0.997349 0.00185607 0.000798633 0.11632 </mean>
<covariance>   1.0807e-07  -5.7225e-09  -5.6550e-10  -7.9776e-07
  -5.7225e-09   4.5494e-09   5.7157e-10   6.3654e-07
  -5.6550e-10   5.7157e-10   1.0020e-07   1.0367e-08
  -7.9776e-07   6.3654e-07   1.0367e-08   1.9334e-04
</covariance>
</state>
<state>
<time>7.2</time>
<index>80</index>
<mean>
 0.997327 0.00186435 0.00081189 0.11632 </mean>
<covariance>   1.0850e-07  -6.0726e-09  -6.1613e-10  -8.4092e-07
  -6.0726e-09   4.8332e-09   6.0951e-10   6.7515e-07
  -6.1613e-10   6.0951e-10   1.0020e-07   1.4914e-08
  -8.4092e-07   6.7515e-07   1.4914e-08   1.9896e-04
</covariance>
</state>
<state>
<time>7.3</time>
<index>81</index>
<mean>
 0.997305 0.00187266 0.000825207 0.11632 </mean>
<covariance>   1.0896e-07  -6.4443e-09  -6.7063e-10  -8.8572e-07
  -6.4443e-09   5.1351e-09   6.5056e-10   7.1513e-07
  -6.7063e-10   6.5056e-10   1.0021e-07   1.9736e-08
  -8.8572e-07   7.1513e-07   1.9736e-08   2.0459e-04
</covariance>
</state>
<state>
<time>7.4</time>
<index>82</index>
<mean>
 0.997284 0.00188101 0.000838583 0.11632 </mean>
<covariance>   1.0945e-07  -6.8386e-09  -7.2926e-10  -9.3221e-07
  -6.8386e-09   5.4562e-09   6.9493e-10   7.5651e-07
  -7.2926e-10   6.9493e-10   1.0022e-07   2.4844e-08
  -9.3221e-07   7.5651e-07   2.4844e-08   2.1021e-04
</covariance>
</state>
<state>
<time>7.5</time>
<index>83</index>
<mean>
 0.997262 0.00188939 0.000852019 0.11632 </mean>
<covariance>   1.0996e-07  -7.2565e-09  -7.9227e-10  -9.8040e-07
  -7.2565e-09   5.7971e-09   7.4283e-10   7.9929e-07
  -7.9227e-10   7.4283e-10   1.0023e-07   3.0248e-08
  -9.8040e-07   7.9929e-07   3.0248e-08   2.1584e-04
</covariance>
</state>
<state>
<time>7.6</time>
<index>84</index>
<mean>
 0.99724 0.00189781 0.000865515 0.11632 </mean>
<covariance>   1.1051e-07  -7.6993e-09  -8.5996e-10  -1.0303e-06
  -7.6993e-09   6.1588e-09   7.9449e-10   8.4350e-07
  -8.5996e-10   7.9449e-10   1.0024e-07   3.5957e-08
  -1.0303e-06   8.4350e-07   3.5957e-08   2.2146e-04
</covariance>
</state>
<state>
<time>7.7</time>
<index>85</index>
<mean>
 0.997218 0.00190627 0.00087907 0.11632 </mean>
<covariance>   1.1109e-07  -8.1678e-09  -9.3261e-10  -1.0820e-06
  -8.1678e-09   6.5421e-09   8.5014e-10   8.8915e-07
  -9.3261e-10   8.5014e-10   1.0025e-07   4.1982e-08
  -1.0820e-06   8.8915e-07   4.1982e-08   2.2709e-04
</covariance>
</state>
<state>
<time>7.8</time>
<index>86</index>
<mean>
 0.997196 0.00191477 0.000892687 0.11632 </mean>
<covariance>   1.1169e-07  -8.6634e-09  -1.0105e-09  -1.1354e-06
  -8.6634e-09   6.9479e-09   9.1003e-10   9.3626e-07
  -1.0105e-09   9.1003e-10   1.0027e-07   4.8333e-08
  -1.1354e-06   9.3626e-07   4.8333e-08   2.3271e-04
</covariance>
</state>
<state>
<time>7.9</time>
<index>87</index>
<mean>
 0.997174 0.0019233 0.000906364 0.11632 </mean>
<covariance>   1.1234e-07  -9.1872e-09  -1.0940e-09  -1.1907e-06
  -9.1872e-09   7.3772e-09   9.7442e-10   9.8484e-07
  -1.0940e-09   9.7442e-10   1.0028e-07   5.5021e-08
  -1.1907e-06   9.8484e-07   5.5021e-08   2.3834e-04
</covariance>
</state>
<state>
<time>8</time>
<index>88</index>
<mean>
 0.997151 0.00193187 0.000920101 0.11632 </mean>
<covariance>   1.1302e-07  -9.7404e-09  -1.1834e-09  -1.2478e-06
  -9.7404e-09   7.8309e-09   1.0436e-09   1.0349e-06
  -1.1834e-09   1.0436e-09   1.0029e-07   6.2055e-08
  -1.2478e-06   1.0349e-06   6.2055e-08   2.4396e-04
</covariance>
</state>
<state>
<time>8</time>
<index>89</index>
<measurement> 0.000361825</measurement>
<loglik>9.65017</loglik>
<mean>
 0.997169 0.00191732 0.000918162 0.114396 </mean>
<covariance>   1.0749e-07  -5.2957e-09  -5.9111e-10  -6.6043e-07
  -5.2957e-09   4.2576e-09   5.6737e-10   5.6267e-07
  -5.9111e-10   5.6737e-10   1.0023e-07  -8.7720e-10
  -6.6043e-07   5.6267e-07  -8.7720e-10   1.8155e-04
</covariance>
</state>
<state>
<time>8.1</time>
<index>90</index>
<mean>
 0.997147 0.0019255 0.000931857 0.114396 </mean>
<covariance>   1.0787e-07  -5.6068e-09  -6.3634e-10  -7.0154e-07
  -5.6068e-09   4.5164e-09   6.0092e-10   5.9976e-07
  -6.3634e-10   6.0092e-10   1.0024e-07   3.1419e-09
  -7.0154e-07   5.9976e-07   3.1419e-09   1.8718e-04
</covariance>
</state>
<state>
<time>8.2</time>
<index>91</index>
<mean>
 0.997126 0.00193371 0.000945611 0.114396 </mean>
<covariance>   1.0827e-07  -5.9385e-09  -6.8503e-10  -7.4430e-07
  -5.9385e-09   4.7929e-09   6.3729e-10   6.3824e-07
  -6.8503e-10   6.3729e-10   1.0025e-07   7.4259e-09
  -7.4430e-07   6.3824e-07   7.4259e-09   1.9280e-04
</covariance>
</state>
<state>
<time>8.3</time>
<index>92</index>
<mean>
 0.997103 0.00194195 0.000959423 0.114396 </mean>
<covariance>   1.0870e-07  -6.2918e-09  -7.3740e-10  -7.8874e-07
  -6.2918e-09   5.0880e-09   6.7669e-10   6.7812e-07
  -7.3740e-10   6.7669e-10   1.0026e-07   1.1985e-08
  -7.8874e-07   6.7812e-07   1.1985e-08   1.9843e-04
</covariance>
</state>
<state>
<time>8.4</time>
<index>93</index>
<mean>
 0.997081 0.00195023 0.000973294 0.114396 </mean>
<covariance>   1.0915e-07  -6.6679e-09  -7.9371e-10  -8.3488e-07
  -6.6679e-09   5.4023e-09   7.1931e-10   7.1942e-07
  -7.9371e-10   7.1931e-10   1.0027e-07   1.6828e-08
  -8.3488e-07   7.1942e-07   1.6828e-08   2.0405e-04
</covariance>
</state>
<state>
<time>8.5</time>
<index>94</index>
<mean>
 0.997059 0.00195855 0.000987224 0.114396 </mean>
<covariance>   1.0964e-07  -7.0678e-09  -8.5424e-10  -8.8275e-07
  -7.0678e-09   5.7369e-09   7.6538e-10   7.6214e-07
  -8.5424e-10   7.6538e-10   1.0028e-07   2.1967e-08
  -8.8275e-07   7.6214e-07   2.1967e-08   2.0968e-04
</covariance>
</state>
<state>
<time>8.6</time>
<index>95</index>
<mean>
 0.997037 0.0019669 0.00100121 0.114396 </mean>
<covariance>   1.1015e-07  -7.4925e-09  -9.1925e-10  -9.3237e-07
  -7.4925e-09   6.0925e-09   8.1513e-10   8.0632e-07
  -9.1925e-10   8.1513e-10   1.0029e-07   2.7411e-08
  -9.3237e-07   8.0632e-07   2.7411e-08   2.1530e-04
</covariance>
</state>
<state>
<time>8.7</time>
<index>96</index>
<mean>
 0.997014 0.00197528 0.00101526 0.114396 </mean>
<covariance>   1.1069e-07  -7.9433e-09  -9.8905e-10  -9.8376e-07
  -7.9433e-09   6.4701e-09   8.6879e-10   8.5196e-07
  -9.8905e-10   8.6879e-10   1.0030e-07   3.3171e-08
  -9.8376e-07   8.5196e-07   3.3171e-08   2.2093e-04
</covariance>
</state>
<state>
<time>8.8</time>
<index>97</index>
<mean>
 0.996992 0.0019837 0.00102937 0.114396 </mean>
<covariance>   1.1127e-07  -8.4213e-09  -1.0639e-09  -1.0370e-06
  -8.4213e-09   6.8706e-09   9.2661e-10   8.9908e-07
  -1.0639e-09   9.2661e-10   1.0031e-07   3.9256e-08
  -1.0370e-06   8.9908e-07   3.9256e-08   2.2655e-04
</covariance>
</state>
<state>
<time>8.9</time>
<index>98</index>
<mean>
 0.996969 0.00199216 0.00104354 0.114396 </mean>
<covariance>   1.1188e-07  -8.9277e-09  -1.1442e-09  -1.0920e-06
  -8.9277e-09   7.2949e-09   9.8886e-10   9.4769e-07
  -1.1442e-09   9.8886e-10   1.0033e-07   4.5678e-08
  -1.0920e-06   9.4769e-07   4.5678e-08   2.3218e-04
</covariance>
</state>
<state>
<time>9</time>
<index>99</index>
<mean>
 0.996946 0.00200065 0.00105777 0.114396 </mean>
<covariance>   1.1253e-07  -9.4638e-09  -1.2302e-09  -1.1489e-06
  -9.4638e-09   7.7440e-09   1.0558e-09   9.9782e-07
  -1.2302e-09   1.0558e-09   1.0034e-07   5.2447e-08
  -1.1489e-06   9.9782e-07   5.2447e-08   2.3780e-04
</covariance>
</state>
<state>
<time>9</time>
<index>100</index>
<measurement> 0.000374914</measurement>
<loglik>9.63421</loglik>
<mean>
 0.996963 0.00198672 0.00105587 0.112601 </mean>
<covariance>   1.0748e-07  -5.3350e-09  -6.6735e-10  -6.1691e-07
  -5.3350e-09   4.3655e-09   5.9518e-10   5.6250e-07
  -6.6735e-10   5.9518e-10   1.0028e-07  -6.9026e-09
  -6.1691e-07   5.6250e-07  -6.9026e-09   1.8171e-04
</covariance>
</state>
<state>
<time>9.1</time>
<index>101</index>
<mean>
 0.996941 0.00199483 0.00107006 0.112601 </mean>
<covariance>   1.0785e-07  -5.6459e-09  -7.1190e-10  -6.5920e-07
  -5.6459e-09   4.6319e-09   6.2833e-10   6.0077e-07
  -7.1190e-10   6.2833e-10   1.0029e-07  -2.8847e-09
  -6.5920e-07   6.0077e-07  -2.8847e-09   1.8733e-04
</covariance>
</state>
<state>
<time>9.2</time>
<index>102</index>
<mean>
 0.996919 0.00200297 0.00108431 0.112601 </mean>
<covariance>   1.0825e-07  -5.9784e-09  -7.5992e-10  -7.0318e-07
  -5.9784e-09   4.9168e-09   6.6438e-10   6.4047e-07
  -7.5992e-10   6.6438e-10   1.0030e-07   1.4065e-09
  -7.0318e-07   6.4047e-07   1.4065e-09   1.9296e-04
</covariance>
</state>
<state>
<time>9.3</time>
<index>103</index>
<mean>
 0.996896 0.00201115 0.00109862 0.112601 </mean>
<covariance>   1.0867e-07  -6.3336e-09  -8.1165e-10  -7.4889e-07
  -6.3336e-09   5.2213e-09   7.0353e-10   6.8160e-07
  -8.1165e-10   7.0353e-10   1.0031e-07   5.9813e-09
  -7.4889e-07   6.8160e-07   5.9813e-09   1.9858e-04
</covariance>
</state>
<state>
<time>9.4</time>
<index>104</index>
<mean>
 0.996874 0.00201936 0.00111298 0.112601 </mean>
<covariance>   1.0912e-07  -6.7126e-09  -8.6736e-10  -7.9633e-07
  -6.7126e-09   5.5461e-09   7.4601e-10   7.2418e-07
  -8.6736e-10   7.4601e-10   1.0032e-07   1.0850e-08
  -7.9633e-07   7.2418e-07   1.0850e-08   2.0421e-04
</covariance>
</state>
<state>
<time>9.5</time>
<index>105</index>
<mean>
 0.996851 0.0020276 0.00112741 0.112601 </mean>
<covariance>   1.0960e-07  -7.1164e-09  -9.2733e-10  -8.4555e-07
  -7.1164e-09   5.8922e-09   7.9203e-10   7.6822e-07
  -9.2733e-10   7.9203e-10   1.0033e-07   1.6023e-08
  -8.4555e-07   7.6822e-07   1.6023e-08   2.0983e-04
</covariance>
</state>
<state>
<time>9.6</time>
<index>106</index>
<mean>
 0.996828 0.00203588 0.00114189 0.112601 </mean>
<covariance>   1.1011e-07  -7.5464e-09  -9.9185e-10  -8.9657e-07
  -7.5464e-09   6.2605e-09   8.4185e-10   8.1375e-07
  -9.9185e-10   8.4185e-10   1.0034e-07   2.1510e-08
  -8.9657e-07   8.1375e-07   2.1510e-08   2.1546e-04
</covariance>
</state>
<state>
<time>9.7</time>
<index>107</index>
<mean>
 0.996805 0.00204419 0.00115643 0.112601 </mean>
<covariance>   1.1065e-07  -8.0035e-09  -1.0612e-09  -9.4941e-07
  -8.0035e-09   6.6518e-09   8.9571e-10   8.6078e-07
  -1.0612e-09   8.9571e-10   1.0035e-07   2.7322e-08
  -9.4941e-07   8.6078e-07   2.7322e-08   2.2108e-04
</covariance>
</state>
<state>
<time>9.8</time>
<index>108</index>
<mean>
 0.996782 0.00205253 0.00117103 0.112601 </mean>
<covariance>   1.1122e-07  -8.4891e-09  -1.1358e-09  -1.0041e-06
  -8.4891e-09   7.0673e-09   9.5387e-10   9.0932e-07
  -1.1358e-09   9.5387e-10   1.0037e-07   3.3471e-08
  -1.0041e-06   9.0932e-07   3.3471e-08   2.2671e-04
</covariance>
</state>
<state>
<time>9.9</time>
<index>109</index>
<mean>
 0.996759 0.00206091 0.0011857 0.112601 </mean>
<covariance>   1.1183e-07  -9.0044e-09  -1.2158e-09  -1.0607e-06
  -9.0044e-09   7.5078e-09   1.0166e-09   9.5939e-07
  -1.2158e-09   1.0166e-09   1.0038e-07   3.9966e-08
  -1.0607e-06   9.5939e-07   3.9966e-08   2.3233e-04
</covariance>
</state>
<state>
<time>10</time>
<index>110</index>
<mean>
 0.996736 0.00206932 0.00120042 0.112601 </mean>
<covariance>   1.1248e-07  -9.5508e-09  -1.3017e-09  -1.1191e-06
  -9.5508e-09   7.9743e-09   1.0842e-09   1.0110e-06
  -1.3017e-09   1.0842e-09   1.0039e-07   4.6819e-08
  -1.1191e-06   1.0110e-06   4.6819e-08   2.3796e-04
</covariance>
</state>
<state>
<time>10</time>
<index>111</index>
<measurement> 0.000406298</measurement>
<loglik>9.5271</loglik>
<mean>
 0.996703 0.00209672 0.00120414 0.116076 </mean>
<covariance>   1.0760e-07  -5.4735e-09  -7.4741e-10  -6.0221e-07
  -5.4735e-09   4.5701e-09   6.2134e-10   5.7941e-07
  -7.4741e-10   6.2134e-10   1.0033e-07  -1.1861e-08
  -6.0221e-07   5.7941e-07  -1.1861e-08   1.8324e-04
</covariance>
</state>
<state>
<time>10.1</time>
<index>112</index>
<mean>
 0.996679 0.002106 0.00121912 0.116076 </mean>
<covariance>   1.0798e-07  -5.8050e-09  -7.9244e-10  -6.4719e-07
  -5.8050e-09   4.8616e-09   6.5525e-10   6.2025e-07
  -7.9244e-10   6.5525e-10   1.0034e-07  -7.7225e-09
  -6.4719e-07   6.2025e-07  -7.7225e-09   1.8886e-04
</covariance>
</state>
<state>
<time>10.2</time>
<index>113</index>
<mean>
 0.996655 0.00211533 0.00123416 0.116076 </mean>
