<?xml version="1.0"?>
<root>
<parameters> 0.365523 0.12516 0.000666326</parameters>
<dataPoints>365</dataPoints>
<states>
<state>
<time>0</time>
<index>0</index>
<mean>
 0.999 0.001 0 0.155 </mean>
<covariance>   1.0000e-07            0            0            0
            0   1.0000e-07            0            0
            0            0   1.0000e-07            0
            0            0            0   1.0000e-03
</covariance>
</state>
<state>
<time>0</time>
<index>1</index>
<measurement> 0.000266107</measurement>
<loglik>7.77333</loglik>
<mean>
 0.999 0.00073465 0 0.155 </mean>
<covariance>   1.0000e-07            0            0            0
            0   2.4390e-09            0            0
            0            0   1.0000e-07            0
            0            0            0   1.0000e-03
</covariance>
</state>
<state>
<time>0.1</time>
<index>2</index>
<mean>
 0.999325 0.000669901 4.75947e-06 0.12516 </mean>
<covariance>   1.0000e-07  -4.2330e-11  -2.6976e-13  -7.3392e-08
  -4.2330e-11   2.4853e-09   1.7567e-11   7.3392e-08
  -2.6976e-13   1.7567e-11   1.0000e-07            0
  -7.3392e-08   7.3392e-08            0   1.0006e-03
</covariance>
</state>
<state>
<time>0.2</time>
<index>3</index>
<mean>
 0.999317 0.000673495 9.54448e-06 0.12516 </mean>
<covariance>   1.0002e-07  -8.7368e-11  -1.0490e-12  -1.4130e-07
  -8.7368e-11   2.5264e-09   3.5543e-11   1.4077e-07
  -1.0490e-12   3.5543e-11   1.0000e-07   5.2423e-10
  -1.4130e-07   1.4077e-07   5.2423e-10   1.0012e-03
</covariance>
</state>
<state>
<time>0.3</time>
<index>4</index>
<mean>
 0.999309 0.000677108 1.43552e-05 0.12516 </mean>
<covariance>   1.0004e-07  -1.4245e-10  -2.4462e-12  -2.1044e-07
  -1.4245e-10   2.5771e-09   5.3979e-11   2.0891e-07
  -2.4462e-12   5.3979e-11   1.0000e-07   1.5297e-09
  -2.1044e-07   2.0891e-07   1.5297e-09   1.0019e-03
</covariance>
</state>
<state>
<time>0.4</time>
<index>5</index>
<mean>
 0.9993 0.00068074 1.91916e-05 0.12516 </mean>
<covariance>   1.0008e-07  -2.0799e-10  -4.5736e-12  -2.8084e-07
  -2.0799e-10   2.6379e-09   7.2980e-11   2.7782e-07
  -4.5736e-12   7.2980e-11   1.0000e-07   3.0220e-09
  -2.8084e-07   2.7782e-07   3.0220e-09   1.0025e-03
</covariance>
</state>
<state>
<time>0.5</time>
<index>6</index>
<mean>
 0.999292 0.000684392 2.40541e-05 0.12516 </mean>
<covariance>   1.0013e-07  -2.8440e-10  -7.5481e-12  -3.5251e-07
  -2.8440e-10   2.7089e-09   9.2655e-11   3.4751e-07
  -7.5481e-12   9.2655e-11   1.0000e-07   5.0064e-09
  -3.5251e-07   3.4751e-07   5.0064e-09   1.0031e-03
</covariance>
</state>
<state>
<time>0.6</time>
<index>7</index>
<mean>
 0.999283 0.000688063 2.89426e-05 0.12516 </mean>
<covariance>   1.0018e-07  -3.7212e-10  -1.1492e-11  -4.2546e-07
  -3.7212e-10   2.7905e-09   1.1312e-10   4.1797e-07
  -1.1492e-11   1.1312e-10   1.0000e-07   7.4886e-09
  -4.2546e-07   4.1797e-07   7.4886e-09   1.0037e-03
</covariance>
</state>
<state>
<time>0.7</time>
<index>8</index>
<mean>
 0.999274 0.000691754 3.38573e-05 0.12516 </mean>
<covariance>   1.0026e-07  -4.7158e-10  -1.6535e-11  -4.9970e-07
  -4.7158e-10   2.8830e-09   1.3448e-10   4.8923e-07
  -1.6535e-11   1.3448e-10   1.0001e-07   1.0474e-08
  -4.9970e-07   4.8923e-07   1.0474e-08   1.0044e-03
</covariance>
</state>
<state>
<time>0.8</time>
<index>9</index>
<mean>
 0.999266 0.000695465 3.87984e-05 0.12516 </mean>
<covariance>   1.0034e-07  -5.8326e-10  -2.2808e-11  -5.7524e-07
  -5.8326e-10   2.9868e-09   1.5687e-10   5.6127e-07
  -2.2808e-11   1.5687e-10   1.0001e-07   1.3969e-08
  -5.7524e-07   5.6127e-07   1.3969e-08   1.0050e-03
</covariance>
</state>
<state>
<time>0.9</time>
<index>10</index>
<mean>
 0.999257 0.000699195 4.3766e-05 0.12516 </mean>
<covariance>   1.0044e-07  -7.0760e-10  -3.0452e-11  -6.5210e-07
  -7.0760e-10   3.1022e-09   1.8041e-10   6.3412e-07
  -3.0452e-11   1.8041e-10   1.0001e-07   1.7978e-08
  -6.5210e-07   6.3412e-07   1.7978e-08   1.0056e-03
</covariance>
</state>
<state>
<time>1</time>
<index>11</index>
<mean>
 0.999248 0.000702946 4.87603e-05 0.12516 </mean>
<covariance>   1.0055e-07  -8.4508e-10  -3.9612e-11  -7.3029e-07
  -8.4508e-10   3.2296e-09   2.0523e-10   7.0778e-07
  -3.9612e-11   2.0523e-10   1.0001e-07   2.2507e-08
  -7.3029e-07   7.0778e-07   2.2507e-08   1.0062e-03
</covariance>
</state>
<state>
<time>1</time>
<index>12</index>
<measurement> 0.000268494</measurement>
<loglik>9.58917</loglik>
<mean>
 0.999242 0.000725802 5.02128e-05 0.130169 </mean>
<covariance>   1.0039e-07  -2.3381e-10  -7.6788e-13  -5.9632e-07
  -2.3381e-10   8.9355e-10   5.6782e-11   1.9582e-07
  -7.6788e-13   5.6782e-11   1.0000e-07  -1.0026e-08
  -5.9632e-07   1.9582e-07  -1.0026e-08   8.9405e-04
</covariance>
</state>
<state>
<time>1.1</time>
<index>13</index>
<mean>
 0.999233 0.000730059 5.53971e-05 0.130169 </mean>
<covariance>   1.0049e-07  -3.0834e-10  -2.6338e-12  -6.6371e-07
  -3.0834e-10   9.3733e-10   6.2909e-11   2.6181e-07
  -2.6338e-12   6.2909e-11   1.0001e-07  -8.6272e-09
  -6.6371e-07   2.6181e-07  -8.6272e-09   8.9468e-04
</covariance>
</state>
<state>
<time>1.2</time>
<index>14</index>
<mean>
 0.999223 0.00073434 6.06118e-05 0.130169 </mean>
<covariance>   1.0060e-07  -3.9409e-10  -5.2487e-12  -7.3237e-07
  -3.9409e-10   9.9153e-10   6.9520e-11   3.2860e-07
  -5.2487e-12   6.9520e-11   1.0001e-07  -6.7572e-09
  -7.3237e-07   3.2860e-07  -6.7572e-09   8.9530e-04
</covariance>
</state>
<state>
<time>1.3</time>
<index>15</index>
<mean>
 0.999214 0.000738646 6.58571e-05 0.130169 </mean>
<covariance>   1.0072e-07  -4.9154e-10  -8.7363e-12  -8.0233e-07
  -4.9154e-10   1.0565e-09   7.6728e-11   3.9622e-07
  -8.7363e-12   7.6728e-11   1.0001e-07  -4.4100e-09
  -8.0233e-07   3.9622e-07  -4.4100e-09   8.9593e-04
</covariance>
</state>
<state>
<time>1.4</time>
<index>16</index>
<mean>
 0.999204 0.000742977 7.11331e-05 0.130169 </mean>
<covariance>   1.0086e-07  -6.0116e-10  -1.3227e-11  -8.7361e-07
  -6.0116e-10   1.1326e-09   8.4652e-11   4.6466e-07
  -1.3227e-11   8.4652e-11   1.0001e-07  -1.5799e-09
  -8.7361e-07   4.6466e-07  -1.5799e-09   8.9655e-04
</covariance>
</state>
<state>
<time>1.5</time>
<index>17</index>
<mean>
 0.999195 0.000747334 7.64401e-05 0.130169 </mean>
<covariance>   1.0100e-07  -7.2346e-10  -1.8856e-11  -9.4620e-07
  -7.2346e-10   1.2203e-09   9.3415e-11   5.3394e-07
  -1.8856e-11   9.3415e-11   1.0001e-07   1.7391e-09
  -9.4620e-07   5.3394e-07   1.7391e-09   8.9718e-04
</covariance>
</state>
<state>
<time>1.6</time>
<index>18</index>
<mean>
 0.999185 0.000751716 8.17782e-05 0.130169 </mean>
<covariance>   1.0117e-07  -8.5896e-10  -2.5766e-11  -1.0201e-06
  -8.5896e-10   1.3198e-09   1.0314e-10   6.0405e-07
  -2.5766e-11   1.0314e-10   1.0001e-07   5.5530e-09
  -1.0201e-06   6.0405e-07   5.5530e-09   8.9780e-04
</covariance>
</state>
<state>
<time>1.7</time>
<index>19</index>
<mean>
 0.999175 0.000756124 8.71476e-05 0.130169 </mean>
<covariance>   1.0135e-07  -1.0082e-09  -3.4107e-11  -1.0954e-06
  -1.0082e-09   1.4317e-09   1.1397e-10   6.7502e-07
  -3.4107e-11   1.1397e-10   1.0001e-07   9.8676e-09
  -1.0954e-06   6.7502e-07   9.8676e-09   8.9843e-04
</covariance>
</state>
<state>
<time>1.8</time>
<index>20</index>
<mean>
 0.999165 0.000760557 9.25485e-05 0.130169 </mean>
<covariance>   1.0155e-07  -1.1717e-09  -4.4033e-11  -1.1721e-06
  -1.1717e-09   1.5562e-09   1.2604e-10   7.4684e-07
  -4.4033e-11   1.2604e-10   1.0001e-07   1.4689e-08
  -1.1721e-06   7.4684e-07   1.4689e-08   8.9905e-04
</covariance>
</state>
<state>
<time>1.9</time>
<index>21</index>
<mean>
 0.999155 0.000765016 9.7981e-05 0.130169 </mean>
<covariance>   1.0176e-07  -1.3500e-09  -5.5707e-11  -1.2501e-06
  -1.3500e-09   1.6939e-09   1.3948e-10   8.1953e-07
  -5.5707e-11   1.3948e-10   1.0002e-07   2.0024e-08
  -1.2501e-06   8.1953e-07   2.0024e-08   8.9968e-04
</covariance>
</state>
<state>
<time>2</time>
<index>22</index>
<mean>
 0.999145 0.000769502 0.000103445 0.130169 </mean>
<covariance>   1.0199e-07  -1.5436e-09  -6.9298e-11  -1.3295e-06
  -1.5436e-09   1.8450e-09   1.5444e-10   8.9309e-07
  -6.9298e-11   1.5444e-10   1.0002e-07   2.5878e-08
  -1.3295e-06   8.9309e-07   2.5878e-08   9.0030e-04
</covariance>
</state>
<state>
<time>2</time>
<index>23</index>
<measurement> 0.000273642</measurement>
<loglik>9.78283</loglik>
<mean>
 0.999155 0.000757921 0.000102476 0.124564 </mean>
<covariance>   1.0127e-07  -6.8717e-10   2.3943e-12  -9.1492e-07
  -6.8717e-10   8.2134e-10   6.8752e-11   3.9757e-07
   2.3943e-12   6.8752e-11   1.0001e-07  -1.5601e-08
  -9.1492e-07   3.9757e-07  -1.5601e-08   6.6045e-04
</covariance>
</state>
<state>
<time>2.1</time>
<index>24</index>
<mean>
 0.999146 0.000761941 0.00010789 0.124564 </mean>
<covariance>   1.0143e-07  -8.0384e-10  -2.4764e-12  -9.6987e-07
  -8.0384e-10   8.9438e-10   7.4048e-11   4.4969e-07
  -2.4764e-12   7.4048e-11   1.0001e-07  -1.2761e-08
  -9.6987e-07   4.4969e-07  -1.2761e-08   6.6107e-04
</covariance>
</state>
<state>
<time>2.2</time>
<index>25</index>
<mean>
 0.999136 0.000765981 0.000113332 0.124564 </mean>
<covariance>   1.0160e-07  -9.3083e-10  -8.4922e-12  -1.0258e-06
  -9.3083e-10   9.7654e-10   8.0136e-11   5.0239e-07
  -8.4922e-12   8.0136e-11   1.0001e-07  -9.5492e-09
  -1.0258e-06   5.0239e-07  -9.5492e-09   6.6170e-04
</covariance>
</state>
<state>
<time>2.3</time>
<index>26</index>
<mean>
 0.999127 0.000770043 0.000118803 0.124564 </mean>
<covariance>   1.0179e-07  -1.0685e-09  -1.5769e-11  -1.0827e-06
  -1.0685e-09   1.0681e-09   8.7117e-11   5.5568e-07
  -1.5769e-11   8.7117e-11   1.0001e-07  -5.9607e-09
  -1.0827e-06   5.5568e-07  -5.9607e-09   6.6232e-04
</covariance>
</state>
<state>
<time>2.4</time>
<index>27</index>
<mean>
 0.999117 0.000774126 0.000124304 0.124564 </mean>
<covariance>   1.0198e-07  -1.2173e-09  -2.4427e-11  -1.1405e-06
  -1.2173e-09   1.1693e-09   9.5095e-11   6.0958e-07
  -2.4427e-11   9.5095e-11   1.0002e-07  -1.9915e-09
  -1.1405e-06   6.0958e-07  -1.9915e-09   6.6295e-04
</covariance>
</state>
<state>
<time>2.5</time>
<index>28</index>
<mean>
 0.999107 0.000778231 0.000129833 0.124564 </mean>
<covariance>   1.0219e-07  -1.3775e-09  -3.4592e-11  -1.1994e-06
  -1.3775e-09   1.2805e-09   1.0418e-10   6.6407e-07
  -3.4592e-11   1.0418e-10   1.0002e-07   2.3626e-09
  -1.1994e-06   6.6407e-07   2.3626e-09   6.6357e-04
</covariance>
</state>
<state>
<time>2.6</time>
<index>29</index>
<mean>
 0.999098 0.000782357 0.000135392 0.124564 </mean>
<covariance>   1.0242e-07  -1.5497e-09  -4.6394e-11  -1.2592e-06
  -1.5497e-09   1.4019e-09   1.1448e-10   7.1918e-07
  -4.6394e-11   1.1448e-10   1.0002e-07   7.1060e-09
  -1.2592e-06   7.1918e-07   7.1060e-09   6.6420e-04
</covariance>
</state>
<state>
<time>2.7</time>
<index>30</index>
<mean>
 0.999088 0.000786506 0.00014098 0.124564 </mean>
<covariance>   1.0266e-07  -1.7341e-09  -5.9968e-11  -1.3201e-06
  -1.7341e-09   1.5338e-09   1.2611e-10   7.7490e-07
  -5.9968e-11   1.2611e-10   1.0002e-07   1.2243e-08
  -1.3201e-06   7.7490e-07   1.2243e-08   6.6482e-04
</covariance>
</state>
<state>
<time>2.8</time>
<index>31</index>
<mean>
 0.999078 0.000790676 0.000146598 0.124564 </mean>
<covariance>   1.0291e-07  -1.9313e-09  -7.5457e-11  -1.3820e-06
  -1.9313e-09   1.6766e-09   1.3919e-10   8.3123e-07
  -7.5457e-11   1.3919e-10   1.0002e-07   1.7778e-08
  -1.3820e-06   8.3123e-07   1.7778e-08   6.6545e-04
</covariance>
</state>
<state>
<time>2.9</time>
<index>32</index>
<mean>
 0.999068 0.000794868 0.000152246 0.124564 </mean>
<covariance>   1.0318e-07  -2.1416e-09  -9.3006e-11  -1.4449e-06
  -2.1416e-09   1.8306e-09   1.5384e-10   8.8819e-07
  -9.3006e-11   1.5384e-10   1.0002e-07   2.3715e-08
  -1.4449e-06   8.8819e-07   2.3715e-08   6.6607e-04
</covariance>
</state>
<state>
<time>3</time>
<index>33</index>
<mean>
 0.999058 0.000799082 0.000157924 0.124564 </mean>
<covariance>   1.0347e-07  -2.3655e-09  -1.1277e-10  -1.5088e-06
  -2.3655e-09   1.9960e-09   1.7018e-10   9.4578e-07
  -1.1277e-10   1.7018e-10   1.0003e-07   3.0060e-08
  -1.5088e-06   9.4578e-07   3.0060e-08   6.6670e-04
</covariance>
</state>
<state>
<time>3</time>
<index>34</index>
<measurement> 0.000263038</measurement>
<loglik>8.93088</loglik>
<mean>
 0.999111 0.000754931 0.000154159 0.103644 </mean>
<covariance>   1.0191e-07  -1.0512e-09  -7.0155e-13  -8.8600e-07
  -1.0512e-09   8.8697e-10   7.5624e-11   4.2028e-07
  -7.0155e-13   7.5624e-11   1.0002e-07  -1.4746e-08
  -8.8600e-07   4.2028e-07  -1.4746e-08   4.1769e-04
</covariance>
</state>
<state>
<time>3.1</time>
<index>35</index>
<mean>
 0.999103 0.000757356 0.000159552 0.103644 </mean>
<covariance>   1.0207e-07  -1.1643e-09  -8.1728e-12  -9.2185e-07
  -1.1643e-09   9.5864e-10   8.1337e-11   4.5312e-07
  -8.1728e-12   8.1337e-11   1.0002e-07  -1.1744e-08
  -9.2185e-07   4.5312e-07  -1.1744e-08   4.1832e-04
</covariance>
</state>
<state>
<time>3.2</time>
<index>36</index>
<mean>
 0.999095 0.000759789 0.000164961 0.103644 </mean>
<covariance>   1.0223e-07  -1.2841e-09  -1.6758e-11  -9.5819e-07
  -1.2841e-09   1.0360e-09   8.7824e-11   4.8622e-07
  -1.6758e-11   8.7824e-11   1.0002e-07  -8.5070e-09
  -9.5819e-07   4.8622e-07  -8.5070e-09   4.1894e-04
</covariance>
</state>
<state>
<time>3.3</time>
<index>37</index>
<mean>
 0.999087 0.000762229 0.000170388 0.103644 </mean>
<covariance>   1.0241e-07  -1.4107e-09  -2.6534e-11  -9.9502e-07
  -1.4107e-09   1.1191e-09   9.5147e-11   5.1958e-07
  -2.6534e-11   9.5147e-11   1.0002e-07  -5.0339e-09
  -9.9502e-07   5.1958e-07  -5.0339e-09   4.1957e-04
</covariance>
</state>
<state>
<time>3.4</time>
<index>38</index>
<mean>
 0.999079 0.000764678 0.000175833 0.103644 </mean>
<covariance>   1.0259e-07  -1.5444e-09  -3.7578e-11  -1.0323e-06
  -1.5444e-09   1.2081e-09   1.0337e-10   5.5319e-07
  -3.7578e-11   1.0337e-10   1.0002e-07  -1.3226e-09
  -1.0323e-06   5.5319e-07  -1.3226e-09   4.2019e-04
</covariance>
</state>
<state>
<time>3.5</time>
<index>39</index>
<mean>
 0.999071 0.000767134 0.000181295 0.103644 </mean>
<covariance>   1.0278e-07  -1.6852e-09  -4.9969e-11  -1.0702e-06
  -1.6852e-09   1.3031e-09   1.1256e-10   5.8706e-07
  -4.9969e-11   1.1256e-10   1.0002e-07   2.6288e-09
  -1.0702e-06   5.8706e-07   2.6288e-09   4.2082e-04
</covariance>
</state>
<state>
<time>3.6</time>
<index>40</index>
<mean>
 0.999064 0.000769598 0.000186774 0.103644 </mean>
<covariance>   1.0298e-07  -1.8334e-09  -6.3790e-11  -1.1085e-06
  -1.8334e-09   1.4042e-09   1.2278e-10   6.2119e-07
  -6.3790e-11   1.2278e-10   1.0003e-07   6.8221e-09
  -1.1085e-06   6.2119e-07   6.8221e-09   4.2144e-04
</covariance>
</state>
<state>
<time>3.7</time>
<index>41</index>
<mean>
 0.999056 0.000772069 0.000192271 0.103644 </mean>
<covariance>   1.0319e-07  -1.9892e-09  -7.9126e-11  -1.1473e-06
  -1.9892e-09   1.5115e-09   1.3410e-10   6.5558e-07
  -7.9126e-11   1.3410e-10   1.0003e-07   1.1259e-08
  -1.1473e-06   6.5558e-07   1.1259e-08   4.2207e-04
</covariance>
</state>
<state>
<time>3.8</time>
<index>42</index>
<mean>
 0.999048 0.000774549 0.000197786 0.103644 </mean>
<covariance>   1.0341e-07  -2.1527e-09  -9.6064e-11  -1.1866e-06
  -2.1527e-09   1.6252e-09   1.4659e-10   6.9024e-07
  -9.6064e-11   1.4659e-10   1.0003e-07   1.5942e-08
  -1.1866e-06   6.9024e-07   1.5942e-08   4.2269e-04
</covariance>
</state>
<state>
<time>3.9</time>
<index>43</index>
<mean>
 0.99904 0.000777037 0.000203319 0.103644 </mean>
<covariance>   1.0364e-07  -2.3241e-09  -1.1469e-10  -1.2265e-06
  -2.3241e-09   1.7453e-09   1.6033e-10   7.2515e-07
  -1.1469e-10   1.6033e-10   1.0003e-07   2.0872e-08
  -1.2265e-06   7.2515e-07   2.0872e-08   4.2332e-04
</covariance>
</state>
<state>
<time>4</time>
<index>44</index>
<mean>
 0.999031 0.000779532 0.000208869 0.103644 </mean>
<covariance>   1.0388e-07  -2.5037e-09  -1.3510e-10  -1.2669e-06
  -2.5037e-09   1.8720e-09   1.7537e-10   7.6033e-07
  -1.3510e-10   1.7537e-10   1.0004e-07   2.6052e-08
  -1.2669e-06   7.6033e-07   2.6052e-08   4.2394e-04
</covariance>
</state>
<state>
<time>4</time>
<index>45</index>
<measurement> 0.000324886</measurement>
<loglik>8.07739</loglik>
<mean>
 0.998951 0.000839863 0.000214521 0.128148 </mean>
<covariance>   1.0203e-07  -1.1216e-09  -5.6309e-12  -7.0551e-07
  -1.1216e-09   8.3862e-10   7.8561e-11   3.4061e-07
  -5.6309e-12   7.8561e-11   1.0003e-07  -1.3267e-08
  -7.0551e-07   3.4061e-07  -1.3267e-08   2.5347e-04
</covariance>
</state>
<state>
<time>4.1</time>
<index>46</index>
<mean>
 0.99894 0.000844615 0.00022052 0.128148 </mean>
<covariance>   1.0218e-07  -1.2277e-09  -1.3816e-11  -7.3112e-07
  -1.2277e-09   9.0737e-10   8.4121e-11   3.6380e-07
  -1.3816e-11   8.4121e-11   1.0003e-07  -1.0834e-08
  -7.3112e-07   3.6380e-07  -1.0834e-08   2.5410e-04
</covariance>
</state>
<state>
<time>4.2</time>
<index>47</index>
<mean>
 0.998929 0.000849395 0.000226553 0.128148 </mean>
<covariance>   1.0234e-07  -1.3400e-09  -2.3050e-11  -7.5721e-07
  -1.3400e-09   9.8118e-10   9.0420e-11   3.8729e-07
  -2.3050e-11   9.0420e-11   1.0003e-07  -8.2359e-09
  -7.5721e-07   3.8729e-07  -8.2359e-09   2.5472e-04
</covariance>
</state>
<state>
<time>4.3</time>
<index>48</index>
<mean>
 0.998918 0.000854201 0.00023262 0.128148 </mean>
<covariance>   1.0250e-07  -1.4586e-09  -3.3404e-11  -7.8377e-07
  -1.4586e-09   1.0602e-09   9.7515e-11   4.1108e-07
  -3.3404e-11   9.7515e-11   1.0003e-07  -5.4695e-09
  -7.8377e-07   4.1108e-07  -5.4695e-09   2.5535e-04
</covariance>
</state>
<state>
<time>4.4</time>
<index>49</index>
<mean>
 0.998907 0.000859034 0.000238721 0.128148 </mean>
<covariance>   1.0267e-07  -1.5838e-09  -4.4951e-11  -8.1082e-07
  -1.5838e-09   1.1446e-09   1.0547e-10   4.3519e-07
  -4.4951e-11   1.0547e-10   1.0003e-07  -2.5332e-09
  -8.1082e-07   4.3519e-07  -2.5332e-09   2.5597e-04
</covariance>
</state>
<state>
<time>4.5</time>
<index>50</index>
<mean>
 0.998896 0.000863894 0.000244857 0.128148 </mean>
<covariance>   1.0285e-07  -1.7159e-09  -5.7767e-11  -8.3834e-07
  -1.7159e-09   1.2346e-09   1.1433e-10   4.5961e-07
  -5.7767e-11   1.1433e-10   1.0003e-07   5.7529e-10
  -8.3834e-07   4.5961e-07   5.7529e-10   2.5660e-04
</covariance>
</state>
<state>
<time>4.6</time>
<index>51</index>
<mean>
 0.998885 0.000868782 0.000251028 0.128148 </mean>
<covariance>   1.0304e-07  -1.8550e-09  -7.1932e-11  -8.6636e-07
  -1.8550e-09   1.3302e-09   1.2418e-10   4.8434e-07
  -7.1932e-11   1.2418e-10   1.0003e-07   3.8582e-09
  -8.6636e-07   4.8434e-07   3.8582e-09   2.5722e-04
</covariance>
</state>
<state>
<time>4.7</time>
<index>52</index>
<mean>
 0.998874 0.000873697 0.000257233 0.128148 </mean>
<covariance>   1.0324e-07  -2.0013e-09  -8.7527e-11  -8.9487e-07
  -2.0013e-09   1.4317e-09   1.3507e-10   5.0939e-07
  -8.7527e-11   1.3507e-10   1.0004e-07   7.3178e-09
  -8.9487e-07   5.0939e-07   7.3178e-09   2.5785e-04
</covariance>
</state>
<state>
<time>4.8</time>
<index>53</index>
<mean>
 0.998863 0.00087864 0.000263474 0.128148 </mean>
<covariance>   1.0345e-07  -2.1552e-09  -1.0464e-10  -9.2388e-07
  -2.1552e-09   1.5393e-09   1.4708e-10   5.3477e-07
  -1.0464e-10   1.4708e-10   1.0004e-07   1.0956e-08
  -9.2388e-07   5.3477e-07   1.0956e-08   2.5847e-04
</covariance>
</state>
<state>
<time>4.9</time>
<index>54</index>
<mean>
 0.998852 0.000883611 0.00026975 0.128148 </mean>
<covariance>   1.0367e-07  -2.3169e-09  -1.2335e-10  -9.5340e-07
  -2.3169e-09   1.6531e-09   1.6026e-10   5.6047e-07
  -1.2335e-10   1.6026e-10   1.0004e-07   1.4776e-08
  -9.5340e-07   5.6047e-07   1.4776e-08   2.5910e-04
</covariance>
</state>
<state>
<time>5</time>
<index>55</index>
<mean>
 0.99884 0.00088861 0.000276062 0.128148 </mean>
<covariance>   1.0390e-07  -2.4867e-09  -1.4376e-10  -9.8343e-07
  -2.4867e-09   1.7733e-09   1.7470e-10   5.8650e-07
  -1.4376e-10   1.7470e-10   1.0004e-07   1.8779e-08
  -9.8343e-07   5.8650e-07   1.8779e-08   2.5972e-04
</covariance>
</state>
<state>
<time>5</time>
<index>56</index>
<measurement> 0.000346857</measurement>
<loglik>9.3031</loglik>
<mean>
 0.9988 0.000917155 0.000278874 0.137588 </mean>
<covariance>   1.0225e-07  -1.3099e-09  -2.7834e-11  -5.9425e-07
  -1.3099e-09   9.3417e-10   9.2028e-11   3.0896e-07
  -2.7834e-11   9.2028e-11   1.0003e-07  -8.5621e-09
  -5.9425e-07   3.0896e-07  -8.5621e-09   1.6793e-04
</covariance>
</state>
<state>
<time>5.1</time>
<index>57</index>
<mean>
 0.998788 0.000923207 0.000285425 0.137588 </mean>
<covariance>   1.0239e-07  -1.4149e-09  -3.7964e-11  -6.1387e-07
  -1.4149e-09   1.0049e-09   9.8769e-11   3.2637e-07
  -3.7964e-11   9.8769e-11   1.0004e-07  -6.3553e-09
  -6.1387e-07   3.2637e-07  -6.3553e-09   1.6855e-04
</covariance>
</state>
<state>
<time>5.2</time>
<index>58</index>
<mean>
 0.998775 0.0009293 0.000292019 0.137588 </mean>
<covariance>   1.0254e-07  -1.5256e-09  -4.9155e-11  -6.3389e-07
  -1.5256e-09   1.0802e-09   1.0627e-10   3.4406e-07
  -4.9155e-11   1.0627e-10   1.0004e-07  -4.0241e-09
  -6.3389e-07   3.4406e-07  -4.0241e-09   1.6918e-04
</covariance>
</state>
<state>
<time>5.3</time>
<index>59</index>
<mean>
 0.998762 0.000935433 0.000298657 0.137588 </mean>
<covariance>   1.0270e-07  -1.6421e-09  -6.1472e-11  -6.5432e-07
  -1.6421e-09   1.1602e-09   1.1460e-10   3.6202e-07
  -6.1472e-11   1.1460e-10   1.0004e-07  -1.5665e-09
  -6.5432e-07   3.6202e-07  -1.5665e-09   1.6980e-04
</covariance>
</state>
<state>
<time>5.4</time>
<index>60</index>
<mean>
 0.99875 0.000941605 0.000305339 0.137588 </mean>
<covariance>   1.0287e-07  -1.7648e-09  -7.4985e-11  -6.7515e-07
  -1.7648e-09   1.2451e-09   1.2379e-10   3.8027e-07
  -7.4985e-11   1.2379e-10   1.0004e-07   1.0194e-09
  -6.7515e-07   3.8027e-07   1.0194e-09   1.7043e-04
</covariance>
</state>
<state>
<time>5.5</time>
<index>61</index>
<mean>
 0.998737 0.000947819 0.000312065 0.137588 </mean>
<covariance>   1.0305e-07  -1.8938e-09  -8.9764e-11  -6.9639e-07
  -1.8938e-09   1.3350e-09   1.3391e-10   3.9880e-07
  -8.9764e-11   1.3391e-10   1.0004e-07   3.7356e-09
  -6.9639e-07   3.9880e-07   3.7356e-09   1.7105e-04
</covariance>
</state>
<state>
<time>5.6</time>
<index>62</index>
<mean>
 0.998724 0.000954073 0.000318835 0.137588 </mean>
<covariance>   1.0323e-07  -2.0294e-09  -1.0588e-10  -7.1806e-07
  -2.0294e-09   1.4302e-09   1.4501e-10   4.1761e-07
  -1.0588e-10   1.4501e-10   1.0004e-07   6.5841e-09
  -7.1806e-07   4.1761e-07   6.5841e-09   1.7168e-04
</covariance>
</state>
<state>
<time>5.7</time>
<index>63</index>
<mean>
 0.99871 0.000960369 0.000325649 0.137588 </mean>
<covariance>   1.0342e-07  -2.1717e-09  -1.2342e-10  -7.4014e-07
  -2.1717e-09   1.5307e-09   1.5716e-10   4.3672e-07
  -1.2342e-10   1.5716e-10   1.0005e-07   9.5670e-09
  -7.4014e-07   4.3672e-07   9.5670e-09   1.7230e-04
</covariance>
</state>
<state>
<time>5.8</time>
<index>64</index>
<mean>
 0.998697 0.000966705 0.000332509 0.137588 </mean>
<covariance>   1.0363e-07  -2.3211e-09  -1.4246e-10  -7.6266e-07
  -2.3211e-09   1.6368e-09   1.7042e-10   4.5611e-07
  -1.4246e-10   1.7042e-10   1.0005e-07   1.2686e-08
  -7.6266e-07   4.5611e-07   1.2686e-08   1.7293e-04
</covariance>
</state>
<state>
<time>5.9</time>
<index>65</index>
<mean>
 0.998684 0.000973084 0.000339414 0.137588 </mean>
<covariance>   1.0384e-07  -2.4779e-09  -1.6308e-10  -7.8561e-07
  -2.4779e-09   1.7487e-09   1.8485e-10   4.7581e-07
  -1.6308e-10   1.8485e-10   1.0005e-07   1.5944e-08
  -7.8561e-07   4.7581e-07   1.5944e-08   1.7355e-04
</covariance>
</state>
<state>
<time>6</time>
<index>66</index>
<mean>
 0.998671 0.000979504 0.000346365 0.137588 </mean>
<covariance>   1.0406e-07  -2.6421e-09  -1.8537e-10  -8.0901e-07
  -2.6421e-09   1.8665e-09   2.0052e-10   4.9580e-07
  -1.8537e-10   2.0052e-10   1.0005e-07   1.9343e-08
  -8.0901e-07   4.9580e-07   1.9343e-08   1.7418e-04
</covariance>
</state>
<state>
<time>6</time>
<index>67</index>
<measurement> 0.000345295</measurement>
<loglik>9.58156</loglik>
<mean>
 0.998692 0.000964255 0.000344727 0.133538 </mean>
<covariance>   1.0242e-07  -1.4859e-09  -6.1149e-11  -5.0187e-07
  -1.4859e-09   1.0497e-09   1.1277e-10   2.7883e-07
  -6.1149e-11   1.1277e-10   1.0004e-07  -3.9668e-09
  -5.0187e-07   2.7883e-07  -3.9668e-09   1.1654e-04
</covariance>
</state>
<state>
<time>6.1</time>
<index>68</index>
<mean>
 0.998679 0.000970227 0.000351614 0.133538 </mean>
<covariance>   1.0256e-07  -1.5846e-09  -7.3175e-11  -5.1680e-07
  -1.5846e-09   1.1178e-09   1.2082e-10   2.9177e-07
  -7.3175e-11   1.2082e-10   1.0005e-07  -1.9752e-09
  -5.1680e-07   2.9177e-07  -1.9752e-09   1.1717e-04
</covariance>
</state>
<state>
<time>6.2</time>
<index>69</index>
<mean>
 0.998666 0.000976236 0.000358544 0.133538 </mean>
<covariance>   1.0270e-07  -1.6881e-09  -8.6220e-11  -5.3204e-07
  -1.6881e-09   1.1896e-09   1.2961e-10   3.0492e-07
  -8.6220e-11   1.2961e-10   1.0005e-07   1.0886e-10
  -5.3204e-07   3.0492e-07   1.0886e-10   1.1779e-04
</covariance>
</state>
<state>
<time>6.3</time>
<index>70</index>
<mean>
 0.998653 0.000982282 0.000365518 0.133538 </mean>
<covariance>   1.0285e-07  -1.7964e-09  -1.0034e-10  -5.4758e-07
  -1.7964e-09   1.2653e-09   1.3918e-10   3.1829e-07
  -1.0034e-10   1.3918e-10   1.0005e-07   2.2869e-09
  -5.4758e-07   3.1829e-07   2.2869e-09   1.1842e-04
</covariance>
</state>
<state>
<time>6.4</time>
<index>71</index>
<mean>
 0.99864 0.000988366 0.000372534 0.133538 </mean>
<covariance>   1.0300e-07  -1.9098e-09  -1.1560e-10  -5.6344e-07
  -1.9098e-09   1.3450e-09   1.4959e-10   3.3187e-07
  -1.1560e-10   1.4959e-10   1.0005e-07   4.5604e-09
  -5.6344e-07   3.3187e-07   4.5604e-09   1.1904e-04
</covariance>
</state>
<state>
<time>6.5</time>
<index>72</index>
<mean>
 0.998627 0.000994486 0.000379594 0.133538 </mean>
<covariance>   1.0316e-07  -2.0285e-09  -1.3204e-10  -5.7961e-07
  -2.0285e-09   1.4287e-09   1.6086e-10   3.4567e-07
  -1.3204e-10   1.6086e-10   1.0005e-07   6.9309e-09
  -5.7961e-07   3.4567e-07   6.9309e-09   1.1967e-04
</covariance>
</state>
<state>
<time>6.6</time>
<index>73</index>
<mean>
 0.998614 0.00100064 0.000386697 0.133538 </mean>
<covariance>   1.0333e-07  -2.1526e-09  -1.4974e-10  -5.9609e-07
  -2.1526e-09   1.5167e-09   1.7306e-10   3.5968e-07
  -1.4974e-10   1.7306e-10   1.0006e-07   9.3999e-09
  -5.9609e-07   3.5968e-07   9.3999e-09   1.2029e-04
</covariance>
</state>
<state>
<time>6.7</time>
<index>74</index>
<mean>
 0.998601 0.00100684 0.000393845 0.133538 </mean>
<covariance>   1.0351e-07  -2.2822e-09  -1.6877e-10  -6.1290e-07
  -2.2822e-09   1.6090e-09   1.8622e-10   3.7392e-07
  -1.6877e-10   1.8622e-10   1.0006e-07   1.1969e-08
  -6.1290e-07   3.7392e-07   1.1969e-08   1.2092e-04
</covariance>
</state>
<state>
<time>6.8</time>
<index>75</index>
<mean>
 0.998587 0.00101308 0.000401036 0.133538 </mean>
<covariance>   1.0369e-07  -2.4177e-09  -1.8917e-10  -6.3004e-07
  -2.4177e-09   1.7058e-09   2.0041e-10   3.8839e-07
  -1.8917e-10   2.0041e-10   1.0006e-07   1.4640e-08
  -6.3004e-07   3.8839e-07   1.4640e-08   1.2154e-04
</covariance>
</state>
<state>
<time>6.9</time>
<index>76</index>
<mean>
 0.998574 0.00101935 0.000408273 0.133538 </mean>
<covariance>   1.0388e-07  -2.5592e-09  -2.1104e-10  -6.4750e-07
  -2.5592e-09   1.8072e-09   2.1567e-10   4.0308e-07
  -2.1104e-10   2.1567e-10   1.0007e-07   1.7414e-08
  -6.4750e-07   4.0308e-07   1.7414e-08   1.2217e-04
</covariance>
</state>
<state>
<time>7</time>
<index>77</index>
<mean>
 0.99856 0.00102566 0.000415554 0.133538 </mean>
<covariance>   1.0408e-07  -2.7068e-09  -2.3443e-10  -6.6531e-07
  -2.7068e-09   1.9134e-09   2.3206e-10   4.1800e-07
  -2.3443e-10   2.3206e-10   1.0007e-07   2.0293e-08
  -6.6531e-07   4.1800e-07   2.0293e-08   1.2279e-04
</covariance>
</state>
<state>
<time>7</time>
<index>78</index>
<measurement> 0.00032525</measurement>
<loglik>7.66159</loglik>
<mean>
 0.998641 0.000968452 0.000408615 0.12104 </mean>
<covariance>   1.0247e-07  -1.5669e-09  -9.6175e-11  -4.1627e-07
  -1.5669e-09   1.1076e-09   1.3433e-10   2.4196e-07
  -9.6175e-11   1.3433e-10   1.0006e-07  -1.0565e-09
  -4.1627e-07   2.4196e-07  -1.0565e-09   8.4337e-05
</covariance>
</state>
<state>
<time>7.1</time>
<index>79</index>
<mean>
 0.998629 0.000973241 0.000415533 0.12104 </mean>
<covariance>   1.0259e-07  -1.6517e-09  -1.0915e-10  -4.2735e-07
  -1.6517e-09   1.1664e-09   1.4300e-10   2.5131e-07
  -1.0915e-10   1.4300e-10   1.0006e-07   6.7184e-10
  -4.2735e-07   2.5131e-07   6.7184e-10   8.4962e-05
</covariance>
</state>
<state>
<time>7.2</time>
<index>80</index>
<mean>
 0.998617 0.000978053 0.000422485 0.12104 </mean>
<covariance>   1.0271e-07  -1.7400e-09  -1.2301e-10  -4.3864e-07
  -1.7400e-09   1.2278e-09   1.5232e-10   2.6081e-07
  -1.2301e-10   1.5232e-10   1.0006e-07   2.4669e-09
  -4.3864e-07   2.6081e-07   2.4669e-09   8.5587e-05
</covariance>
</state>
<state>
<time>7.3</time>
<index>81</index>
<mean>
 0.998606 0.000982889 0.000429471 0.12104 </mean>
<covariance>   1.0284e-07  -1.8318e-09  -1.3781e-10  -4.5014e-07
  -1.8318e-09   1.2919e-09   1.6231e-10   2.7045e-07
  -1.3781e-10   1.6231e-10   1.0006e-07   4.3298e-09
  -4.5014e-07   2.7045e-07   4.3298e-09   8.6212e-05
</covariance>
</state>
<state>
<time>7.4</time>
<index>82</index>
<mean>
 0.998594 0.000987749 0.000436491 0.12104 </mean>
<covariance>   1.0297e-07  -1.9273e-09  -1.5358e-10  -4.6187e-07
  -1.9273e-09   1.3589e-09   1.7300e-10   2.8024e-07
  -1.5358e-10   1.7300e-10   1.0007e-07   6.2616e-09
  -4.6187e-07   2.8024e-07   6.2616e-09   8.6837e-05
</covariance>
</state>
<state>
<time>7.5</time>
<index>83</index>
<mean>
 0.998582 0.000992633 0.000443547 0.12104 </mean>
<covariance>   1.0311e-07  -2.0266e-09  -1.7037e-10  -4.7382e-07
  -2.0266e-09   1.4287e-09   1.8442e-10   2.9019e-07
  -1.7037e-10   1.8442e-10   1.0007e-07   8.2634e-09
  -4.7382e-07   2.9019e-07   8.2634e-09   8.7462e-05
</covariance>
</state>
<state>
<time>7.6</time>
<index>84</index>
<mean>
 0.99857 0.00099754 0.000450637 0.12104 </mean>
<covariance>   1.0325e-07  -2.1298e-09  -1.8822e-10  -4.8599e-07
  -2.1298e-09   1.5015e-09   1.9661e-10   3.0029e-07
  -1.8822e-10   1.9661e-10   1.0007e-07   1.0336e-08
  -4.8599e-07   3.0029e-07   1.0336e-08   8.8087e-05
</covariance>
</state>
<state>
<time>7.7</time>
<index>85</index>
<mean>
 0.998558 0.00100247 0.000457762 0.12104 </mean>
<covariance>   1.0340e-07  -2.2370e-09  -2.0718e-10  -4.9838e-07
  -2.2370e-09   1.5773e-09   2.0960e-10   3.1054e-07
  -2.0718e-10   2.0960e-10   1.0007e-07   1.2481e-08
  -4.9838e-07   3.1054e-07   1.2481e-08   8.8712e-05
</covariance>
</state>
<state>
<time>7.8</time>
<index>86</index>
<mean>
 0.998546 0.00100743 0.000464923 0.12104 </mean>
<covariance>   1.0355e-07  -2.3483e-09  -2.2730e-10  -5.1101e-07
  -2.3483e-09   1.6562e-09   2.2343e-10   3.2095e-07
  -2.2730e-10   2.2343e-10   1.0008e-07   1.4699e-08
  -5.1101e-07   3.2095e-07   1.4699e-08   8.9337e-05
</covariance>
</state>
<state>
<time>7.9</time>
<index>87</index>
<mean>
 0.998533 0.00101241 0.000472119 0.12104 </mean>
<covariance>   1.0371e-07  -2.4639e-09  -2.4862e-10  -5.2387e-07
  -2.4639e-09   1.7384e-09   2.3813e-10   3.3152e-07
  -2.4862e-10   2.3813e-10   1.0008e-07   1.6992e-08
  -5.2387e-07   3.3152e-07   1.6992e-08   8.9962e-05
</covariance>
</state>
<state>
<time>8</time>
<index>88</index>
<mean>
 0.998521 0.00101741 0.00047935 0.12104 </mean>
<covariance>   1.0387e-07  -2.5839e-09  -2.7120e-10  -5.3697e-07
  -2.5839e-09   1.8238e-09   2.5374e-10   3.4224e-07
  -2.7120e-10   2.5374e-10   1.0008e-07   1.9360e-08
  -5.3697e-07   3.4224e-07   1.9360e-08   9.0587e-05
</covariance>
</state>
<state>
<time>8</time>
<index>89</index>
<measurement> 0.000361825</measurement>
<loglik>9.62109</loglik>
<mean>
 0.998537 0.00100603 0.000477767 0.118905 </mean>
<covariance>   1.0236e-07  -1.5157e-09  -1.2259e-10  -3.3652e-07
  -1.5157e-09   1.0698e-09   1.4884e-10   2.0076e-07
  -1.2259e-10   1.4884e-10   1.0007e-07  -3.2458e-10
  -3.3652e-07   2.0076e-07  -3.2458e-10   6.4036e-05
</covariance>
</state>
<state>
<time>8.1</time>
<index>90</index>
<mean>
 0.998525 0.00101079 0.000484953 0.118905 </mean>
<covariance>   1.0246e-07  -1.5893e-09  -1.3538e-10  -3.4533e-07
  -1.5893e-09   1.1211e-09   1.5733e-10   2.0813e-07
  -1.3538e-10   1.5733e-10   1.0007e-07   1.1094e-09
  -3.4533e-07   2.0813e-07   1.1094e-09   6.4661e-05
</covariance>
</state>
<state>
<time>8.2</time>
<index>91</index>
<mean>
 0.998513 0.00101557 0.000492173 0.118905 </mean>
<covariance>   1.0257e-07  -1.6658e-09  -1.4896e-10  -3.5432e-07
  -1.6658e-09   1.1746e-09   1.6638e-10   2.1564e-07
  -1.4896e-10   1.6638e-10   1.0007e-07   2.5961e-09
  -3.5432e-07   2.1564e-07   2.5961e-09   6.5286e-05
</covariance>
</state>
<state>
<time>8.3</time>
<index>92</index>
<mean>
 0.998501 0.00102037 0.000499427 0.118905 </mean>
<covariance>   1.0268e-07  -1.7453e-09  -1.6335e-10  -3.6350e-07
  -1.7453e-09   1.2303e-09   1.7602e-10   2.2328e-07
  -1.6335e-10   1.7602e-10   1.0008e-07   4.1364e-09
  -3.6350e-07   2.2328e-07   4.1364e-09   6.5911e-05
</covariance>
</state>
<state>
<time>8.4</time>
<index>93</index>
<mean>
 0.998489 0.0010252 0.000506715 0.118905 </mean>
<covariance>   1.0279e-07  -1.8278e-09  -1.7859e-10  -3.7286e-07
  -1.8278e-09   1.2883e-09   1.8626e-10   2.3104e-07
  -1.7859e-10   1.8626e-10   1.0008e-07   5.7312e-09
  -3.7286e-07   2.3104e-07   5.7312e-09   6.6536e-05
</covariance>
</state>
<state>
<time>8.5</time>
<index>94</index>
<mean>
 0.998477 0.00103005 0.000514038 0.118905 </mean>
<covariance>   1.0291e-07  -1.9134e-09  -1.9472e-10  -3.8241e-07
  -1.9134e-09   1.3487e-09   1.9714e-10   2.3894e-07
  -1.9472e-10   1.9714e-10   1.0008e-07   7.3815e-09
  -3.8241e-07   2.3894e-07   7.3815e-09   6.7161e-05
</covariance>
</state>
<state>
<time>8.6</time>
<index>95</index>
<mean>
 0.998465 0.00103492 0.000521395 0.118905 </mean>
<covariance>   1.0304e-07  -2.0023e-09  -2.1178e-10  -3.9215e-07
  -2.0023e-09   1.4115e-09   2.0868e-10   2.4698e-07
  -2.1178e-10   2.0868e-10   1.0008e-07   9.0883e-09
  -3.9215e-07   2.4698e-07   9.0883e-09   6.7786e-05
</covariance>
</state>
<state>
<time>8.7</time>
<index>96</index>
<mean>
 0.998453 0.00103982 0.000528788 0.118905 </mean>
<covariance>   1.0316e-07  -2.0945e-09  -2.2980e-10  -4.0208e-07
  -2.0945e-09   1.4769e-09   2.2092e-10   2.5514e-07
  -2.2980e-10   2.2092e-10   1.0009e-07   1.0852e-08
  -4.0208e-07   2.5514e-07   1.0852e-08   6.8411e-05
</covariance>
</state>
<state>
<time>8.8</time>
<index>97</index>
<mean>
 0.99844 0.00104473 0.000536215 0.118905 </mean>
<covariance>   1.0330e-07  -2.1901e-09  -2.4882e-10  -4.1221e-07
  -2.1901e-09   1.5448e-09   2.3387e-10   2.6345e-07
  -2.4882e-10   2.3387e-10   1.0009e-07   1.2675e-08
  -4.1221e-07   2.6345e-07   1.2675e-08   6.9036e-05
</covariance>
</state>
<state>
<time>8.9</time>
<index>98</index>
<mean>
 0.998428 0.00104967 0.000543677 0.118905 </mean>
<covariance>   1.0343e-07  -2.2893e-09  -2.6888e-10  -4.2253e-07
  -2.2893e-09   1.6154e-09   2.4758e-10   2.7189e-07
  -2.6888e-10   2.4758e-10   1.0009e-07   1.4557e-08
  -4.2253e-07   2.7189e-07   1.4557e-08   6.9661e-05
</covariance>
</state>
<state>
<time>9</time>
<index>99</index>
<mean>
 0.998415 0.00105464 0.000551175 0.118905 </mean>
<covariance>   1.0357e-07  -2.3921e-09  -2.9004e-10  -4.3306e-07
  -2.3921e-09   1.6886e-09   2.6207e-10   2.8047e-07
  -2.9004e-10   2.6207e-10   1.0010e-07   1.6499e-08
  -4.3306e-07   2.8047e-07   1.6499e-08   7.0286e-05
</covariance>
</state>
<state>
<time>9</time>
<index>100</index>
<measurement> 0.000374914</measurement>
<loglik>9.60677</loglik>
<mean>
 0.998431 0.0010437 0.000549478 0.117088 </mean>
<covariance>   1.0229e-07  -1.4883e-09  -1.4977e-10  -2.8294e-07
  -1.4883e-09   1.0506e-09   1.6305e-10   1.7450e-07
  -1.4977e-10   1.6305e-10   1.0008e-07   5.2295e-11
  -2.8294e-07   1.7450e-07   5.2295e-11   5.2685e-05
</covariance>
</state>
<state>
<time>9.1</time>
<index>101</index>
<mean>
 0.998419 0.00104845 0.000556933 0.117088 </mean>
<covariance>   1.0239e-07  -1.5547e-09  -1.6253e-10  -2.9047e-07
  -1.5547e-09   1.0973e-09   1.7147e-10   1.8078e-07
  -1.6253e-10   1.7147e-10   1.0008e-07   1.2987e-09
  -2.9047e-07   1.8078e-07   1.2987e-09   5.3310e-05
</covariance>
</state>
<state>
<time>9.2</time>
<index>102</index>
<mean>
 0.998406 0.00105321 0.000564422 0.117088 </mean>
<covariance>   1.0248e-07  -1.6236e-09  -1.7600e-10  -2.9816e-07
  -1.6236e-09   1.1458e-09   1.8039e-10   1.8718e-07
  -1.7600e-10   1.8039e-10   1.0009e-07   2.5900e-09
  -2.9816e-07   1.8718e-07   2.5900e-09   5.3935e-05
</covariance>
</state>
<state>
<time>9.3</time>
<index>103</index>
<mean>
 0.998394 0.001058 0.000571945 0.117088 </mean>
<covariance>   1.0258e-07  -1.6951e-09  -1.9021e-10  -3.0601e-07
  -1.6951e-09   1.1964e-09   1.8984e-10   1.9370e-07
  -1.9021e-10   1.8984e-10   1.0009e-07   3.9270e-09
  -3.0601e-07   1.9370e-07   3.9270e-09   5.4560e-05
</covariance>
</state>
<state>
<time>9.4</time>
<index>104</index>
<mean>
 0.998382 0.00106282 0.000579502 0.117088 </mean>
<covariance>   1.0268e-07  -1.7692e-09  -2.0519e-10  -3.1404e-07
  -1.7692e-09   1.2489e-09   1.9985e-10   2.0034e-07
  -2.0519e-10   1.9985e-10   1.0009e-07   5.3106e-09
  -3.1404e-07   2.0034e-07   5.3106e-09   5.5185e-05
</covariance>
</state>
<state>
<time>9.5</time>
<index>105</index>
<mean>
 0.998369 0.00106765 0.000587093 0.117088 </mean>
<covariance>   1.0279e-07  -1.8462e-09  -2.2098e-10  -3.2223e-07
  -1.8462e-09   1.3036e-09   2.1043e-10   2.0710e-07
  -2.2098e-10   2.1043e-10   1.0009e-07   6.7416e-09
  -3.2223e-07   2.0710e-07   6.7416e-09   5.5810e-05
</covariance>
</state>
<state>
<time>9.6</time>
<index>106</index>
<mean>
 0.998357 0.0010725 0.000594719 0.117088 </mean>
<covariance>   1.0290e-07  -1.9260e-09  -2.3761e-10  -3.3060e-07
  -1.9260e-09   1.3604e-09   2.2161e-10   2.1399e-07
  -2.3761e-10   2.2161e-10   1.0010e-07   8.2209e-09
  -3.3060e-07   2.1399e-07   8.2209e-09   5.6435e-05
</covariance>
</state>
<state>
<time>9.7</time>
<index>107</index>
<mean>
 0.998344 0.00107738 0.00060238 0.117088 </mean>
<covariance>   1.0302e-07  -2.0088e-09  -2.5512e-10  -3.3914e-07
  -2.0088e-09   1.4195e-09   2.3342e-10   2.2100e-07
  -2.5512e-10   2.3342e-10   1.0010e-07   9.7494e-09
  -3.3914e-07   2.2100e-07   9.7494e-09   5.7060e-05
</covariance>
</state>
<state>
<time>9.8</time>
<index>108</index>
<mean>
 0.998332 0.00108228 0.000610076 0.117088 </mean>
<covariance>   1.0314e-07  -2.0945e-09  -2.7353e-10  -3.4785e-07
  -2.0945e-09   1.4808e-09   2.4589e-10   2.2814e-07
  -2.7353e-10   2.4589e-10   1.0010e-07   1.1328e-08
  -3.4785e-07   2.2814e-07   1.1328e-08   5.7685e-05
</covariance>
</state>
<state>
<time>9.9</time>
<index>109</index>
<mean>
 0.998319 0.0010872 0.000617806 0.117088 </mean>
<covariance>   1.0326e-07  -2.1834e-09  -2.9288e-10  -3.5675e-07
  -2.1834e-09   1.5444e-09   2.5902e-10   2.3540e-07
  -2.9288e-10   2.5902e-10   1.0011e-07   1.2957e-08
  -3.5675e-07   2.3540e-07   1.2957e-08   5.8310e-05
</covariance>
</state>
<state>
<time>10</time>
<index>110</index>
<mean>
 0.998306 0.00109214 0.000625572 0.117088 </mean>
<covariance>   1.0339e-07  -2.2755e-09  -3.1322e-10  -3.6582e-07
  -2.2755e-09   1.6104e-09   2.7287e-10   2.4280e-07
  -3.1322e-10   2.7287e-10   1.0011e-07   1.4639e-08
  -3.6582e-07   2.4280e-07   1.4639e-08   5.8935e-05
</covariance>
</state>
<state>
<time>10</time>
<index>111</index>
<measurement> 0.000406298</measurement>
<loglik>9.64589</loglik>
<mean>
 0.998297 0.00109895 0.000626725 0.118114 </mean>
<covariance>   1.0226e-07  -1.4775e-09  -1.7801e-10  -2.4552e-07
  -1.4775e-09   1.0457e-09   1.7718e-10   1.5765e-07
  -1.7801e-10   1.7718e-10   1.0010e-07   2.1243e-10
  -2.4552e-07   1.5765e-07   2.1243e-10   4.6098e-05
</covariance>
</state>
<state>
<time>10.1</time>
<index>112</index>
<mean>
 0.998284 0.00110406 0.000634575 0.118114 </mean>
<covariance>   1.0235e-07  -1.5405e-09  -1.9089e-10  -2.5243e-07
  -1.5405e-09   1.0907e-09   1.8565e-10   1.6344e-07
  -1.9089e-10   1.8565e-10   1.0010e-07   1.3385e-09
  -2.5243e-07   1.6344e-07   1.3385e-09   4.6723e-05
</covariance>
</state>
